1 1998.01 c60    8.93
1 2055.90 c60    8.75
1 2056.01 c100   8.75
1 2174.99 m110   8.42
1 2175.10 m110   8.42
1 2348.61 m950   5.28
1 2350.66 c20    8.00
1 2350.71 c60    8.00
1 2350.83 c200   8.00
2 2453.84 c20   15.99
1 2494.54 m70    7.69
1 2494.58 m70    7.69
1 2494.73 m100   7.69
2 2617.99 c5    16.70
2 2618.13 c20   16.70
1 2650.45 c100   7.40
1 2650.55 c60    7.40
1 2650.62 c200   7.40
1 2650.69 c60    7.40
1 2650.76 c100   7.40
2 2697.46 c5    16.56
2 2697.58 c20   16.56
2 2728.88 c20   16.70
1 2738.05 c30   11.58
1 2898.25 c20   11.68
1 2986.06 c30   10.61
1 3019.33 c60   11.41
1 3019.49 c30   11.41
1 3019.53 c30   11.41
1 3019.60 c20   11.41
2 3046.52 c10   16.03
2 3046.69 c30   16.03
1 3110.81 c10   11.68
1 3110.92 c10   11.68
1 3110.99 c20   11.68
2 3130.42 m480   3.96
2 3131.07 m320   3.96
1 3193.81 c20    9.16
2 3197.10 c20   16.03
2 3197.15 c30   16.03
1 3229.63 c60    9.11
2 3241.62 c10   15.78
2 3241.83 c30   15.78
1 3269.02 c15    9.07
2 3274.58 c100  14.72
2 3274.67 c30   14.72
1 3282.91 c30    9.05
1 3321.01 m60    6.45
1 3321.09 m60    6.45
1 3321.34 m100   6.45
1 3345.43 c20    8.98
1 3367.63 c60    8.96
1 3455.18 c300   8.86
1 3515.54 c300   8.80
3 3720.92  0    121.90
3 3722.98  0    121.90
1 3736.30 c100   8.59
1 3813.45 c700   8.53
1 3865.43 c10   10.61
1 3865.50 c5    10.61
1 3866.03 c100  10.61
1 4253.05 c100  10.61
1 4253.76 c60   10.61
2 4360.66 c300  14.80
2 4360.99 c500  14.80
1 4407.94 c400   8.09
1 4572.66 m12    7.99
2 4673.33 c700  14.81
2 4673.42 c1000 14.81
2 4828.16 c200  14.72
2 5218.33 c20   17.10
2 5270.81 c500  14.31
2 5403.04 c20   17.10
2 5410.21 c20   17.10
