2 1977.45 c20   11.64
2 2079.26 c25   11.64
3 2154.08  6    20.10
1 2197.40 h2     5.64
1 2211.14 h3     5.60
1 2218.21  0     5.55
1 2230.70 h5     5.55
1 2241.67 h3     5.53
1 2359.99 h5     5.48
3 2261.26  4    23.59
1 2278.20 h8     5.45
2 2306.09 c8     5.37
1 2306.88 h12    5.37
1 2309.34 h3     5.64
1 2309.74 h2     5.64
1 2324.41 h2     5.60
1 2324.92 h2     5.60
1 2332.76 h2     5.59
1 2340.19 h5     5.30
1 2345.91 h4     5.56
1 2346.56 h2     5.56
2 2350.79 c8    13.09
1 2358.70 h3     5.53
1 2378.14 h7     5.49
1 2379.04 h10    5.48
2 2382.79 c8    17.30
1 2389.54 m4     5.19
1 2399.18 h5     5.44
1 2429.86 h10    5.37
1 2430.99 h5     5.37
2 2447.90 c1    17.71
2 2453.00 c8    17.72
1 2460.08 m6     5.04
1 2468.02 m3     5.30
1 2521.37 m10    5.19
1 2522.99 h5     5.19
3 2527.41  20   20.10
1 2560.15 m110   4.84
1 2601.76 m20    5.04
2 2682.20 c8    17.30
1 2710.27 m160   4.84
1 2713.94 m30    4.84
3 2725.52  10   24.64
3 2726.15  16   24.64
2 2749.76 c8    16.61
1 2753.88 m70    4.50
1 2775.36 m4     4.46
1 2836.92 m18    4.63
2 2889.95 c20   12.10
1 2932.62 m110   4.49
2 2941.00 c8    12.03
1 2957.01 m2     4.46
3 2982.80  20   20.10
3 3008.08  6    20.10
1 3008.31  n1    1.00
3 3008.82  20   20.10
1 3039.36 m800   4.08
2 3158.37 c3    16.61
1 3256.09 m1300  4.08
1 3258.56 m300   4.08
2 3338.73 c3    15.81
2 3694.02 c4    16.70
2 3716.12 c5    16.70
2 3795.17 c9    16.71
2 3834.70 c9    15.33
1 4024.83 n1    1.00
1 4057.87 n1    1.00
1 4072.40 n1    1.00
1 4101.77 m1700  3.02
1 4511.32 m1800  3.02
1 4612.13 m5     1.00
2 4638.05 c25   15.32
2 4644.38 c20   15.33
2 4655.51 c40   15.32
2 4656.72 c15   15.32
2 4673.56 c3    15.33
2 4680.82 c25   15.32
2 4686.71 c10   15.32
1 4878.37 h2     5.65
1 5018.37  0     5.38
1 5023.15  0     5.38
1 5254.32 h15    5.38
1 5262.74 h6     5.38

