2 2464.77 h100 20.890
2 2833.00 a1   20.862
3 2893.68 m100 24.26
3 3124.39 g100 25.15
3 3189.11 g100 22.33
3 3245.00 g300 21.88
3 3264.81 g150 24.26
3 3268.48 g100 24.03
3 3325.75 g200 21.79
3 3351.93 g100 21.76
3 3439.46 g100 23.89
3 3488.59 g100 24.06
3 3507.42 g200 22.32
3 3564.23 g100 22.27
2 3607.88 h100 21.04
2 3631.87 h200 20.02
2 3653.97 h250 19.99
2 3669.01 h150 1.00
2 3680.37 h100 20.02
2 3718.02 h300 21.89
2 3718.63 h200 20.71
2 3721.35 h150 20.70
2 3741.69 h200 21.80
2 3744.80 h150 20.47
2 3778.09 h500 20.15
2 3783.13 h500 20.11
2 3875.44 h150 20.76
2 3906.25 h150 22.05
2 3920.14 h200 19.99
2 3994.83 h100 17.37
2 3997.95 h100 20.47
2 4057.01 h300 18.87
2 4065.11 h300 18.87
2 4088.33 h500 18.88
2 4098.72 h250 17.60
2 4109.23 h100 18.87
2 4139.11 h100 0.00
2 4145.12 h250 17.57
2 4236.64 h100 19.57
2 4250.60 a1   17.60
2 4254.85 h100 20.07
2 4268.81 h100 20.46
1 4273.97 h1000 12.82
1 4282.97 h100 12.81
2 4292.92 h600 17.16
1 4300.49 h200 13.44
2 4317.81 h500 19.47
1 4318.55 h1400 12.78
1 4319.58 h1000 12.78
2 4322.98 h150 20.94
1 4351.36 h1001 13.49
2 4355.47 h3000 16.84
1 4362.64 h500 12.76
2 4369.69 h200 21.33
1 4376.12 h800 12.86
2 4381.52 h100 20.90
2 4386.54 h300 19.47
1 4399.97 h200 13.46
2 4400.87 h100 20.38
1 4410.37 a1   13.454
2 4422.70 h100 18.62
1 4425.19 a1  13.445
2 4431.70 a1  17.378
2 4436.8  a1  17.375
1 4453.92 a1  12.815
1 4463.69 a1  12.809
2 4475.00 h800 18.62
2 4489.88 h400 21.32
1 4502.35 a1  12.786
2 4523.14 h400 19.57
2 4556.61 h200 20.09
2 4577.20 h800 18.56
2 4582.85 h300 19.57
2 4583.00 a1   19.575
2 4592.80 h150 21.32
2 4615.30 a1 17.375
2 4619.2  a1 17.372
2 4633.9  a1 18.495
2 4658.9  a1 16.650
2 4680.41 h500 17.65
2 4691.28 h100 18.48
2 4694.44 h200 18.87
2 4739.0  a1  16.605
2 4752.02 h100 20.21
2 4762.4  a1  17.605
2 4765.7  a1  16.871
2 4811.8  a1  17.157
2 4825.2  a1  17.571
2 4832.1  a1  16.835
2 4846.60 h700 17.24
2 4857.20 h150 17.65
2 4915.94 h100 20.00
2 4945.59 h300 17.60
2 4960.25 h100 20.07
2 4978.89 h100 20.06
2 5013.29 h100 17.57
2 5021.88 h100 17.37
2 5022.40 h200 17.16
2 5033.85 h100 21.33
2 5086.52 h250 21.32
2 5125.73 h400 19.57
2 5143.05 h600 20.06
2 5208.32 h500 16.65
2 5276.50 h100 20.89
2 5308.7  a1 16.605
2 5333.41 h500 20.86
2 5468.17 h200 20.89
2 5552.99 h100 20.85
1 5562.22 a1   12.144
2 5568.65 h100 17.16
1 5570.29 a1  12.141
2 5633.02 h100 19.57
1 5649.56 a1 12.756
2 5681.89 h400 16.87
2 5690.35 h200 18.87
2 5771.41 h100 17.24
1 5832.85 h100 13.57
1 5870.91 a1   12.144
2 5992.22 h200 16.65
2 6303.66 h100 16.87
2 6420.18 h300 16.80
1 6421.03 h100 13.37
1 6456.29 h200 13.37
2 6510.95 h100 16.83
2 6570.07 h150 18.88
2 6763.61 h100 16.83
1 6904.68 a1   13.099
2 7213.13 h250 17.57
1 7224.10 a1   13.019
2 7289.78 h400 16.60
2 7407.0  a1   16.605
2 7435.78 h200 18.53
1 7486.86 h100 13.10
2 7524.46 h300 16.65
1 7587.41 a1   11.666
1 7601.54 a1   11.546
2 7641.16 h150 18.87
1 7685.24 a1   12.257
1 7694.59 a1   11.526
2 7735.69 h200 16.60
1 7746.83 h150 12.91
2 7781.97 h100  1.00
1 7854.82 a1   12.141
1 7913.44 h200 12.87
1 7928.60 h150 13.01
1 7982.42 h100 13.10
1 8059.50 a1   12.100
1 8104.36 a1   11.445
1 8112.90 a1   11.443
1 8190.05 a1   11.546
1 8263.24  a1  12.144
1 8272.36 h100 13.04
1 8281.05 a1   12.141
1 8298.11 a1   11.526
1 8412.45 h100 13.02
1 8508.87 a1   12.100
1 8764.09 h150 12.85
1 8776.75 a1   11.445
1 8928.70 a1   11.304
2 9238.48 h125 18.21
2 9293.82 h100 22.16
1 9352.23 h100 13.45
2 9577.52 h125 17.37
2 9605.80 h125 1.0
2 9619.61 h100  1.0
1 9751.76 h2000 11.31
1 9856.24 h500 12.80

