1 2025.82 c9     6.12
3 2039.57 s9    58.84
3 2055.47 s9    58.95
3 2064.88 s15   58.77
3 2091.98 s12   58.84
3 2134.04 s9    59.30
3 2177.70 s9    59.18
2 2329.58 c3    14.18
3 2395.31 s9    57.94
2 2449.57 c6    13.92
3 2467.75 s9    57.94
1 2632.87 c8     7.42
1 2649.06 c4     7.39
2 2660.76 c8    13.52
2 2660.82 c8    13.52
1 2669.55 c8     7.35
1 2672.46 c10    7.35
1 2693.72 c3     7.31
1 2695.18 c5     7.31
1 2698.14 c6     7.31
1 2733.49 c10    7.24
1 2736.53 c12    7.24
1 2776.69 m38    7.18
1 2778.27 m32    7.18
1 2779.83 m90    7.18
1 2781.42 m32    7.18
1 2782.97 m36    7.18
2 2790.79 m13    8.86
2 2795.53 m1000  4.43
2 2798.06 m16    8.86
2 2802.70 m600   4.42
1 2846.75 c12    7.05
1 2848.42 c14    7.05
1 2851.65 c16    7.05
1 2852.13 m6000  4.34
1 2915.45 c3    10.00
2 2928.75 m1     8.65
2 2936.54 m3     8.65
1 2936.74 c10    6.92
1 2938.47 c12    6.92
1 2942.00 m2     6.92
2 2967.87 c1    14.17
2 2971.70 c1    14.17
1 3091.08 c20    6.72
1 3092.99 c22    6.72
1 3096.90 m14    6.72
2 3104.71 c9    12.85
2 3104.81 c8    12.85
2 3168.98 c6    13.90
2 3172.71 c6    13.90
2 3175.78 c7    13.90
1 3329.93 c17    6.43
1 3332.15 m6     6.43
1 3336.68 m9     6.43
2 3535.04 c7    13.49
2 3538.86 c8    13.49
2 3549.52 c7    13.49
2 3553.37 c8    13.49
1 3829.30 m140   5.94
1 3832.30 m300   5.94
1 3838.29 m500   5.94
2 3848.24 c8    12.08
2 3850.40 c7    12.08
1 3878.31 c3     7.54
1 3986.75 c8     7.45
1 4057.50 c10    7.40
1 4167.27 c15    7.32
1 4351.91 c20    7.19
2 4384.64 c9    12.82
2 4390.59 c10   12.82
2 4428.00 c8    12.79
2 4433.99 c9    12.79
2 4436.49 c5    14.36
2 4436.60 c4    14.36
2 4481.16 c14   11.63
2 4481.33 c13   11.63
2 4534.29 c6    14.36
1 4571.10 c28    2.71
1 4702.99 m7     6.98
2 4739.59 c6    14.18
2 4739.71 c5    14.18
2 4851.10 c7    14.18
1 5167.33 m75    5.11
1 5172.68 m220   5.11
1 5183.61 m400   5.11
2 5264.21 c8    13.92
2 5264.37 c7    13.92
2 5401.54 c9    13.92
1 5528.41 m6     6.59

