 2 2029.33 m600   0.00
2 2032.99 m550   6.53
2 2109.43 m360   0.00
2 2125.21 m300   6.21
2 2126.54 m190   6.27
2 2131.18 m280   6.14
2 2160.27 s8     0.00
2 2203.64 s8     0.00
1 2211.46 a10    0.00
1 2220.18 a7     5.72
1 2223.67 a6     5.77
1 2225.34 a5     5.77
1 2227.71 a15    5.91
1 2228.03 a10    5.70
2 2229.72 s10    6.82
1 2232.55 a8     5.75
2 2237.50 s8     0.00
1 2238.52 a8     5.80
2 2242.58 s5     5.68
1 2246.18 a9     0.00
1 2248.00 a8     5.86
1 2250.31 a10    5.70
2 2250.46 s8     6.44
2 2252.21 s12    7.49
1 2254.56 a15    5.84
2 2255.60 s11    5.82
1 2257.89 a16    5.82
2 2264.56 s10    7.45
3 2265.59 s6     8.75
2 2265.68 s8     5.57
2 2266.73 s8     6.82
2 2268.53 s10    5.48
2 2269.87 s8     7.45
2 2270.18 s10    6.44
2 2272.73 s8     5.74
2 2273.57 s10    5.55
2 2274.13 s7     6.48
2 2274.20 s5     7.39
3 2275.23 s10    8.64
3 2281.51 s10    8.71
2 2283.00 s15    5.48
3 2290.36 s10   10.48
2 2295.68 s15    5.55
2 2302.09 m54    5.48
2 2309.24 s13    5.39
3 2313.30 s10    8.75
2 2334.80 s13    5.41
3 2338.09 s10    9.64
3 2362.06 s10    8.53
2 2369.95 s13    6.16
3 2372.73 s10    8.41
2 2376.40 m30    5.31
3 2387.41 s10    8.32
2 2398.48 m29    6.44
3 2404.89 s5     9.49
2 2405.34 m10    6.48
2 2405.85 m10    6.50
2 2412.46 m27    6.17
3 2413.94 s30    8.53
3 2414.49 s6     8.41
2 2416.99 m28    6.48
2 2418.69 m25    6.44
3 2421.91 s10   10.18
2 2433.79 m14    6.27
2 2435.95 m7     6.31
2 2437.41 m8     6.02
2 2442.14 m7     6.34
2 2442.68 m5     7.08
2 2451.87 m12    6.58
3 2457.00 s10    8.44
2 2458.08 m10    6.87
3 2460.40 s10    8.32
2 2462.05 s2     6.31
3 2468.74 s8     8.41
3 2469.41 s6     9.36
2 2477.38 m20    5.77
3 2499.73 s10    8.24
2 2511.00 m20    5.62
2 2521.40 m20    6.09
2 2525.81 m16    6.26
2 2544.80 m70    5.77
3 2545.64 s10    8.06
2 2551.38 m20    5.62
2 2556.93 m24    5.75
2 2562.40 m24    5.60
1 2578.73 m36    5.07
2 2583.98 m70    6.02
2 2590.94 m70    6.05
1 2592.19 m48    5.13
2 2642.23 m30    5.87
2 2646.26 m48    4.74
1 2647.50 m50    4.82
1 2649.52 m36    4.94
2 2651.12 m13    6.02
1 2654.45 m50    4.87
2 2656.08 m46    4.69
3 2658.03 s8     9.01
2 2665.25 m16    5.93
2 2666.59 m17    4.75
2 2671.93 m60    4.74
2 2673.57 m30    6.55
2 2675.94 m30    4.69
2 2677.66 m4     5.98
2 2680.06 m7     5.66
2 2686.39 m10    6.91
2 2691.77 m24    4.62
2 2697.07 m150   4.75
2 2698.87 m48    4.65
2 2702.20 m48    4.69
2 2702.52 m22    4.74
2 2707.83 m5     5.76
2 2715.34 m4     6.58
2 2715.88 m6     6.19
2 2716.63 m70    4.71
2 2721.99 m70    4.65
2 2723.66 m5     6.17
2 2730.32 m8     6.17
2 2733.26 m46    4.63
2 2733.74 s1     6.16
2 2734.36 m3     5.46
2 2737.08 m16    4.58
2 2739.24 s1     6.53
2 2740.18 m13    5.73
2 2745.73 m10    5.70
1 2752.01 m28    0.00
2 2753.13 m11    6.41
2 2754.42 m10    4.55
1 2758.61 m42    4.76
2 2758.78 m4     5.84
2 2768.12 m36    4.53
2 2780.24 m40    4.97
2 2791.74 m12    5.66
2 2793.04 m17    4.88
2 2797.69 m9     5.84
2 2810.81 m11    5.45
2 2816.68 m4     6.09
2 2827.08 m28    4.40
2 2829.75 m6     4.51
2 2835.11 m14    4.65
2 2841.14 m38    4.74
2 2842.64 m42    4.69
2 2846.28 m24    4.65
2 2849.56 m11    4.41
2 2859.04 m6     5.68
2 2861.09 m36    4.62
2 2868.52 m75    4.65
2 2875.39 m120   4.69
2 2876.95 m40    4.75
2 2877.03 m80    4.63
2 2880.71 m15    5.65
2 2883.17 m85    4.74
2 2888.82 m42    4.58
2 2897.80 m70    4.65
2 2899.23 m60    4.71
2 2908.24 m70    4.55
2 2910.58 m100   4.63
2 2911.74 m70    4.58
2 2917.05 m10    5.58
2 2927.80 m170   4.75
2 2931.46 m16    4.55
2 2932.13 s1     7.38
2 2932.66 m5     5.57
2 2937.70 s5     0.00
2 2941.54 m130   4.65
2 2945.89 m16    5.56
2 2950.88 m170   4.71
2 2972.57 m60    5.58
2 2974.09 m48    5.53
2 2977.67 m32    5.49
2 2978.94 m9     6.31
2 2980.72 m14    5.68
2 2982.10 m30    4.53
2 2985.04 m8     5.78
2 2990.28 m50    5.56
2 2991.96 m12    5.47
2 2993.97 s1     5.47
2 2994.73 m70    4.65
2 3001.85 s6     8.48
2 3005.76 m8     6.27
2 3018.85 s5     6.27
2 3022.74 m8     6.26
2 3024.74 m17    5.45
2 3028.44 m42    4.53
2 3032.77 m36    5.41
2 3034.95 m10    6.09
2 3039.82 m5     5.49
2 3048.21 s3     5.39
2 3049.53 s2     5.41
2 3055.52 m12    6.05
2 3063.78 m9     5.74
2 3064.53 m26    5.32
2 3065.26 m9     5.39
2 3069.68 m13    5.66
2 3071.55 m13    5.45
2 3076.88 m48    4.41
2 3080.35 m13    5.37
2 3094.17 m220   4.52
2 3097.12 s1     5.41
2 3099.18 m17    4.33
2 3127.53 m32    6.12
2 3130.78 m180   4.40
2 3140.51 m9     5.53
2 3145.40 m46    4.97
2 3150.41 s2     5.75
2 3152.16 m8     6.54
2 3154.82 s3     6.09
2 3163.40 m140   4.30
2 3173.20 m9     5.74
2 3175.86 s3     4.83
2 3180.29 m46    4.88
2 3184.23 m9     5.87
2 3189.29 m9     6.05
2 3191.10 m36    4.40
2 3191.43 m18    6.03
2 3194.27 s1     5.23
2 3194.98 m120   4.21
2 3198.23 s1     5.69
2 3203.36 m14    6.01
2 3204.97 s3     6.03
2 3206.35 m36    4.80
2 3208.59 s2     6.03
2 3215.60 m46    4.30
2 3217.00 s2     6.01
2 3223.33 m9     4.88
2 3225.48 m95    4.14
2 3229.57 m17    4.74
2 3236.40 m48    4.21
2 3237.69 s2     5.76
2 3238.02 s3     5.17
2 3247.48 m24    4.80
2 3248.94 m14    4.58
1 3249.52 m19    3.96
2 3250.27 s2     6.25
2 3254.07 m38    4.14
2 3254.89 s1     5.62
2 3260.56 m28    5.97
2 3261.70 s2     6.09
2 3263.37 m19    6.41
2 3272.22 m9     5.62
2 3273.89 m1     4.68
1 3277.68 m19    3.98
2 3283.46 m24    5.76
1 3285.67 m28    3.97
1 3287.59 m24    3.91
2 3291.06 m10    4.20
2 3292.02 m19    5.69
2 3294.37 m10    5.74
1 3296.03 m38    4.11
2 3297.05 s1     4.13
2 3301.50 s2     5.76
2 3305.61 s2     5.74
1 3312.61 m48    4.01
1 3318.98 m24    3.93
2 3319.59 m14    4.63
2 3320.81 m5     5.66
2 3323.90 s1     5.74
2 3324.66 s1     6.17
1 3326.62 m29    4.88
2 3341.61 m15    4.97
1 3341.98 m150   3.83
1 3343.71 m150   3.90
2 3346.76 s1     4.63
2 3348.28 s1     6.24
1 3349.07 m200   3.97
2 3349.35 s3     5.53
1 3354.74 m40    4.04
1 3358.42 m200   4.04
2 3360.90 s3     5.98
2 3362.17 s1     6.30
2 3365.59 m15    4.71
1 3366.96 m40    4.84
2 3369.16 m15    5.66
2 3370.15 s2     6.82
2 3372.56 m8     5.03
1 3374.93 m42    4.77
2 3379.30 s3     5.68
2 3380.93 s10    5.66
2 3386.24 m20    4.88
2 3389.94 s2     4.97
1 3390.62 m10    4.83
2 3394.98 m5     5.17
2 3396.37 s2     6.27
2 3397.32 s1     0.00
2 3402.02 s1     6.16
1 3403.01 m10    0.00
1 3405.42 m28    4.82
2 3408.68 m28    4.41
2 3409.19 m22    4.33
2 3412.93 m28    4.53
1 3415.98 m22    4.80
2 3420.63 m11    4.55
2 3421.16 s1     5.03
2 3425.43 m28    4.99
1 3425.86 m16    5.23
2 3426.56 m28    4.93
1 3427.45 m28    3.96
2 3432.17 m22    5.62
1 3436.96 m11    4.96
2 3438.41 s5     5.76
2 3439.92 m11    4.58
2 3440.59 m22    4.62
1 3445.67 m11    5.13
2 3448.22 s3     5.41
2 3450.77 s4     5.41
1 3452.35 m11    5.02
2 3453.96 s1     4.93
2 3454.71 s3     6.03
2 3454.91 s4     6.25
1 3463.81 m20    5.19
2 3468.13 s1     5.74
2 3470.27 s2     6.11
2 3474.68 s1     5.39
2 3478.79 s9     4.83
2 3479.57 m24    4.88
2 3482.95 s9     6.57
2 3484.05 m12    4.32
2 3489.09 m9     4.53
1 3491.02 m28    3.69
1 3498.63 m60    4.20
2 3499.93 s2     5.98
1 3507.96 m55    3.55
2 3510.26 m24    5.52
1 3511.13 a2     3.73
1 3511.19 m10    4.80
2 3514.02 s1     5.69
2 3515.42 m24    4.80
2 3517.67 m24    5.53
2 3522.37 s1     6.53
2 3528.47 s2     5.68
1 3535.30 m240   3.50
1 3537.48 m150   3.55
2 3540.96 m30    4.53
2 3541.25 s4     5.17
1 3544.03 m60    3.50
1 3544.66 m30    4.24
1 3550.45 m36    3.54
1 3554.52 m30    3.75
1 3554.67 m120   3.51
2 3559.59 s3     6.09
1 3563.50 m75    3.50
1 3563.62 m75    3.53
2 3568.00 s2     4.65
2 3568.50 m6     4.40
1 3575.85 m180   3.55
1 3580.28 m600   3.59
1 3584.97 m60    3.51
1 3589.11 m90    3.54
1 3589.35 m60    3.80
2 3591.20 s2     4.71
1 3593.97 m60    3.50
1 3602.56 m60    3.53
2 3619.51 m36    4.41
2 3619.73 m6     5.40
2 3628.18 s2     6.03
2 3633.32 m11    5.40
1 3649.85 m50    3.44
2 3651.18 m48    4.33
2 3659.60 m24    5.31
1 3660.36 m70    3.73
1 3664.69 m100   3.47
2 3687.97 m12    5.52
2 3695.90 m10    5.17
2 3696.68 s3     4.53
1 3697.85 m160   3.40
2 3707.96 s20    4.69
2 3709.29 m20    4.75
1 3711.34 m34    3.34
1 3713.02 m340   3.46
2 3717.06 s90    5.03
2 3719.63 s3     4.74
2 3720.46 m9     5.03
2 3722.55 s4     5.77
1 3726.24 m280   3.34
1 3739.80 m280   3.40
2 3740.73 m70    4.93
1 3742.39 m180   3.31
1 3746.90 m14    0.00
1 3759.56 m14    3.34
1 3781.02 m90    3.33
2 3781.38 m11    4.97
1 3787.06 m180   3.29
1 3790.14 m140   3.40
1 3791.21 m360   3.39
1 3798.13 m280   3.31
1 3802.93 m280   3.34
1 3803.88 m70    3.39
1 3804.73 m55    4.65
1 3810.50 m70    4.68
1 3815.51 m55    3.33
2 3818.86 m22    4.83
1 3824.88 m70    3.32
2 3831.84 m18    4.93
1 3855.45 m7     3.21
2 3855.50 s3     4.83
1 3858.95 m30    3.23
1 3863.38 m36    3.86
2 3865.02 m7     4.83
1 3867.92 m28    3.33
1 3875.77 m18    3.34
1 3877.56 m55    3.33
2 3879.35 m7     5.03
1 3885.45 m110   4.62
1 3885.69 m70    4.58
1 3891.30 m60    3.27
1 3894.04 m5     4.55
2 3898.29 m11    4.88
1 3914.69 m70    4.52
2 3919.72 m3     4.83
1 3920.20 m55    4.77
2 3920.75 s2     6.30
2 3936.02 s7     5.31
1 3937.44 m70    3.28
2 3938.55 s5     7.08
1 3943.66 m54    3.34
2 3949.45 s3     4.97
2 3952.37 m7     4.83
2 3964.26 s3     5.66
1 3966.25 a50    3.39
2 3967.36 s2     6.26
2 3976.52 s6     6.26
1 3980.48 m4     3.24
2 4000.61 m4     4.93
2 4012.17 s4     5.76
1 4032.52 m110   3.42
1 4039.53 m26    4.68
1 4058.93 m1700  3.18
1 4079.73 m1200  3.12
1 4100.39 m46    3.07
1 4100.92 m700   3.07
2 4119.28 m9     5.62
1 4123.81 m550   3.02
1 4129.43 m70    3.09
1 4129.93 m80    0.00
1 4137.09 m240   2.99
1 4139.43 m46    3.04
1 4139.70 m280   3.12
1 4143.20 m36    3.01
1 4150.12 m90    0.00
1 4152.58 m460   3.07
2 4156.68 m3     4.96
1 4163.66 m460   2.99
1 4164.66 m420   3.02
1 4168.12 m360   2.97
1 4184.44 m32    3.01
1 4190.89 m120   3.09
1 4195.10 m90    2.97
1 4205.31 m90    2.99
1 4214.73 m36    3.07
2 4214.81 s2     5.46
1 4217.95 m44    3.02
1 4229.15 m44    4.10
1 4252.98 m17    4.09
1 4253.70 m15    4.03
1 4255.44 m26    4.27
1 4262.06 m80    3.04
1 4266.02 m44    3.98
1 4270.69 m30    4.02
1 4286.99 m42    2.98
1 4292.48 m15    4.01
1 4299.60 m60    3.54
1 4300.99 m60    2.88
1 4311.27 m40    4.50
1 4326.32 m36    4.04
1 4331.37 m40    3.48
1 4359.87 m7     3.96
2 4367.97 m4     4.53
1 4368.43 m22    3.99
1 4410.21 m34    3.43
1 4437.22 m24    0.00
1 4447.18 m30    3.53
1 4471.29 m14    3.93
2 4492.96 m2     5.36
1 4503.04 m16    3.41
1 4523.40 m55    2.88
1 4546.82 m50    2.92
1 4564.53 m38    4.21
1 4573.08 m75    2.98
2 4579.45 m2     4.40
1 4581.62 m50    4.25
1 4606.76 m120   3.04
1 4616.16 m18    2.88
1 4630.12 m34    4.11
1 4648.95 m34    2.81
1 4663.83 m34    2.85
1 4666.25 m26    4.05
2 4670.10 s5     4.32
1 4672.10 m44    3.00
1 4675.37 m40    2.92
1 4685.13 m24    4.01
2 4699.58 s5     5.17
1 4706.13 m10    0.00
1 4708.28 m20    3.99
1 4713.50 m11    2.98
1 4733.89 m8     3.74
1 4749.71 m17    4.04
2 4789.96 m5     5.03
1 4810.58 m6     3.75
1 4816.38 m8     3.94
1 4848.36 m8     3.73
1 4965.37 m4     3.85
1 4967.78 m6     4.11
1 4988.97 m9     2.57
1 5017.74 m11    2.52
1 5026.36 m7     3.96
1 5039.03 m10    2.48
1 5058.00 m8     2.45
1 5065.26 m6     2.53
1 5078.96 m36    2.57
1 5095.30 m20    2.52
1 5100.16 m8     2.48
1 5120.30 m8     2.47
1 5134.75 m10    2.43
1 5152.62 m3     3.53
1 5160.33 m12    2.45
1 5164.37 m12    2.67
1 5180.31 m11    2.48
1 5186.99 m5     2.41
1 5189.20 m9     2.52
1 5193.08 m8     2.58
1 5219.09 m4     3.55
1 5219.09 m4     3.55
1 5232.81 m7     3.52
1 5271.53 m13    2.49
1 5276.20 m6     3.52
1 5318.60 m12    2.53
1 5334.86 m3     3.44
1 5344.16 m22    2.67
1 5355.72 m16    2.58
2 5365.89 s6     4.97
1 5437.27 m5     2.94
2 5487.60 s7     4.88
2 5545.63 s5     4.79
1 5551.34 m4     2.85
1 5576.16 m1     2.57
1 6709.88 15     2.00

