3 2001.52 s8    13.95
3 2003.83 s10   13.94
1 2007.01 a10    7.14
3 2013.83 s5    14.96
3 2014.23 s5    14.24
1 2019.55 a15    7.10
1 2019.82 a10    7.39
3 2022.02 s5    14.44
3 2026.71 s5    15.86
3 2032.05 s5    15.51
2 2045.62  1    10.56
3 2054.46 s5    14.35
1 2081.14 a3     6.77
1 2082.24 a2     7.20
1 2087.98 a3     6.90
1 2092.63 a5     6.73
1 2105.87 a10    7.14
1 2142.11 a2     7.24
3 2149.14 s5    13.53
2 2152.76  1    10.39
2 2162.27  2     9.09
1 2172.95 a3     6.66
3 2176.86 s5    13.84
3 2176.93 s5    13.84
1 2178.29 a10    6.50
2 2182.35  2     9.39
2 2198.24  1    11.15
2 2202.36  1     9.21
2 2212.14  3     8.96
2 2214.03  1     9.31
2 2218.15  1     0.00
1 2225.28  2     0.00
2 2231.59  5     8.66
1 2254.28  3     6.31
2 2262.52  2     9.07
2 2264.33  2     8.83
2 2296.51  10    8.51
2 2302.01  2     9.88
2 2307.50  1    13.71
2 2331.41  1    10.22
2 2336.43  1     9.02
2 2351.34  3     8.63
2 2357.61  2     8.97
2 2362.31  2     8.83
2 2367.96  4     8.34
2 2372.15  3     8.81
2 2383.40  2    14.16
2 2385.01  1    14.21
2 2388.29  2    10.30
2 2401.47  2    13.79
2 2406.74  2    10.67
2 2408.74  1    10.56
2 2414.73  3     9.77
2 2418.73  4     9.39
2 2424.48  4     8.83
2 2426.87  5     8.69
2 2430.94  5     8.81
2 2433.10  5    10.61
2 2435.32  5     9.09
2 2446.18  8     8.44
2 2446.71  4    10.17
1 2447.91 m65    5.06
2 2448.16  4     9.06
2 2457.29  5     8.63
2 2457.76  3     9.31
2 2469.25  8     9.52
2 2470.01  4     9.52
2 2471.15  5     9.02
2 2472.51  3    10.46
1 2476.42 m100   5.00
2 2486.53 m3     8.34
2 2488.92 m8     8.09
2 2489.61  4    10.39
2 2496.69  2     9.87
2 2498.78 m3     8.96
2 2505.74  8     9.21
2 2514.48  3    10.04
2 2534.60  4     9.52
2 2537.17  1     9.52
2 2537.97  1     9.52
2 2539.36  3    12.97
2 2544.83  1    10.39
2 2550.64  2     9.76
2 2550.99  1    10.39
2 2551.84  8    10.39
2 2565.51  8     8.83
2 2569.56  5     9.09
2 2575.49  1     9.31
2 2576.40  1    10.22
2 2577.10  2     8.81
2 2583.85  2     9.06
2 2584.13  1    10.21
2 2593.27  3    10.30
2 2595.97  2     9.88
2 2602.76  2    10.17
2 2609.86  1     9.52
2 2613.43  1     9.52
2 2628.25  3     9.21
2 2635.94  4     8.97
2 2637.07  1    10.11
2 2642.17  1    10.22
2 2649.47  1     9.31
2 2657.56  1    10.11
2 2658.72  8     8.66
2 2661.14  1     9.77
2 2679.58  1    10.04
2 2684.76  1     9.52
2 2687.66  1     9.52
2 2688.55  1     9.52
2 2698.55  1     9.09
2 2714.32  1     9.06
2 2714.90  1     8.83
2 2727.89  1     8.81
2 2742.60  1     9.02
1 2763.09 m160   4.48
2 2776.84  7    12.96
2 2787.92  5    13.41
2 2800.64  3    13.05
2 2807.59  3    13.62
2 2821.91  1    13.05
2 2839.89  1     9.88
2 2841.03  1     8.63
2 2854.58 m2     8.34
2 2857.73  1     8.97
2 2871.37  5    13.41
2 2878.01  5    12.97
2   28.93  1     9.39
1 2922.49 m44    5.05
2 2954.39  1     8.69
2 2980.66  3     8.44
2 2999.55  2     8.63
1 3002.65 m55    4.94
1 3009.78 m4     7.23
2 3018.50  1     9.21
1 3027.91 m130   5.05
2 3032.20  1     8.09
2 3050.08  1     8.97
2 3052.15  1     8.69
2 3059.43  1     8.83
1 3065.31 m95    5.00
1 3066.10  3     7.73
1 3075.17  2     7.52
1 3114.04 m220   4.94
1 3142.81 m30    7.06
2 3161.95  1     8.69
2 3210.45  1     9.39
1 3218.97  20    4.81
1 3242.70 m1200  4.64
2 3243.13  1     8.09
1 3251.64 m300   5.06
1 3258.78 m380   5.05
2 3267.35  1     8.44
2 3277.56  1     8.69
1 3287.25 m50    4.58
1 3302.13 m400   5.00
2 3327.23  1     8.83
1 3373.00 m550   4.64
1 3380.67  20    6.78
1 3404.58 m2600  4.46
1 3421.24 m1400  4.58
1 3433.45 m550   5.06
1 3441.40 m700   5.05
2 3451.35  1     8.09
1 3460.77 m850   4.40
2 3468.54  1     9.09
1 3481.15 m1100  4.81
1 3489.77 m220   5.00
1 3516.94 m1300  4.49
1 3553.08 m1300  4.94
1 3566.63  1     0.00
1 3571.16 m500   4.72
1 3609.55 m2200  4.40
1 3634.70 m2200  4.23
1 3690.34 m600   4.81
1 3718.91 m150   4.58
1 3799.19 m160   4.23
1 3832.29 m160   4.49
1 3894.20 m240   4.64
1 3958.64 m160   4.58
1 4020.20  3     7.48
1 4087.34 m32    4.48
1 4098.87  2     7.48
1 4099.27  4     7.48
1 4140.83  1     7.48
1 4169.84 m10    4.22
1 4212.95 m280   4.40
1 4268.26  6     7.49
1 4344.66  4     7.49
1 4351.00  2     7.48
1 4473.59 m20    4.22
1 4489.46  3     7.24
1 4526.20  2     7.20
1 4541.13  2     7.21
1 4788.18 m6     6.81
1 4817.51 m5     6.80
1 4875.43 m4     6.76
1 5063.40  2     7.26
1 5110.81 m6     6.82
1 5117.02 m8     7.23
1 5163.84 m17    6.80
1 5208.93  2     6.86
1 5234.86 m6     6.82
1 5256.17  2     6.81
1 5295.63 m13    6.79
1 5312.57 m2     6.82
1 5345.10 m1     7.26
1 5362.69  3     6.80
1 5395.24 m4     7.24
1 5542.80 m6     6.82
1 5547.02 m4     6.82
