2 2003.14  5     0.00
1 2004.13  12    0.00
2 2004.33  25    0.00
0 2007.36  9     0.00
0 2007.55  7     0.00
2 2012.58  9     0.00
0 2013.98  3     0.00
2 2014.94 s4     8.23
0 2016.71  8     0.00
2 2016.89  20    0.00
2 2018.32  5     0.00
0 2020.92  2     0.00
0 2023.53  8     0.00
0 2024.63  8     0.00
2 2025.51  2     0.00
0 2025.86  10    0.00
0 2027.24  3     0.00
0 2028.31  12    0.00
1 2028.58  10    0.00
1 2030.63 m320   0.00
2 2031.44  20    0.00
1 2032.41 m440   0.00
0 2035.78  15    0.00
2 2036.47 s10    6.68
0 2039.57  5     0.00
0 2039.70  12    0.00
0 2040.33  15    0.00
0 2041.45  10    0.00
2 2041.58 s4     8.03
2 2049.16  25    0.00
1 2049.37 m550   6.05
1 2049.83  10    0.00
2 2057.00  8     0.00
0 2058.38  9     0.00
2 2058.97  20    0.00
1 2059.68  15    0.00
2 2059.89  0     0.00
1 2060.75  15    0.00
2 2061.63  0     0.00
2 2061.72  0     0.00
1 2062.78  20    0.00
0 2066.92  15    0.00
1 2067.50 m160   5.99
2 2068.16  2     0.00
2 2068.62  5     0.00
0 2070.36  2     0.00
1 2070.93  18    0.00
2 2071.55  0     0.00
0 2073.58  10    0.00
2 2075.38  5     0.00
0 2076.21  5     0.00
2 2077.43  10    0.00
2 2079.49  0     0.00
2 2079.76  1     0.00
1 2082.51  15    0.00
0 2083.34  18    0.00
1 2084.59 m300   6.05
2 2085.41  0     0.00
0 2086.86  3     0.00
0 2088.29  12    0.00
2 2088.71  2     0.00
0 2088.93  10    0.00
2 2089.04  0     0.00
0 2094.08  2     0.00
0 2094.70  0     0.00
0 2097.27  10    0.00
2 2097.43 s2     7.07
0 2098.74  12    0.00
0 2101.67  20    0.00
1 2103.33 m98    5.99
0 2103.48  10    0.00
2 2103.76  2     0.00
2 2105.06  2     0.00
2 2107.65  0     0.00
0 2109.49  15    0.00
1 2109.66  15    0.00
2 2110.35  0     0.00
0 2114.22  6     0.00
2 2115.57  3     8.10
0 2119.88  15    0.00
0 2122.56  15    0.00
2 2127.41  2     0.00
1 2128.61 m92    5.92
2 2130.69 s3     7.90
0 2131.07  3     0.00
1 2132.46  5     0.00
0 2134.62  12    0.00
0 2135.15  12    0.00
2 2141.16  0     0.00
2 2142.49  2     0.00
1 2144.24 m190   5.78
0 2145.02  12    0.00
0 2147.39  6     0.00
2 2149.70  0     0.00
0 2150.64  15    0.00
1 2152.08  20    0.00
0 2152.67  2     0.00
0 2153.38  5     0.00
1 2153.55  25    0.00
0 2157.27  0     0.00
0 2164.28  20    0.00
1 2165.17 m62    5.72
2 2165.94  2     0.00
1 2166.76  25    0.00
0 2169.26  8     0.00
2 2169.56  0     0.00
0 2170.72  9     0.00
0 2172.38  2     0.00
1 2174.67 m150   0.00
1 2176.46  10    0.00
2 2176.87  3     0.00
1 2180.46 a1     5.78
1 2180.49  25    0.00
1 2182.77  20    0.00
2 2184.14  0     0.00
0 2188.24  3     0.00
2 2190.32 s3     7.90
2 2190.32  7     0.00
0 2190.77  8     0.00
0 2192.50  6     0.00
2 2192.84  0     0.00
0 2195.83  0     0.00
1 2196.91  15    0.00
2 2197.89  0     0.00
0 2199.70  15    0.00
0 2201.01  20    0.00
2 2201.28  0     0.00
1 2202.22 m42    5.72
2 2202.58 s5    13.18
2 2203.88  0     0.00
2 2206.73  0     0.00
2 2207.57  0     0.00
0 2208.77  5     0.00
2 2209.57 s2    13.19
2 2209.84  0     0.00
2 2211.51  0     0.00
0 2213.93  6     0.00
0 2214.28  0     0.00
2 2215.38  0     0.00
1 2217.34  25    0.00
0 2222.21  3     0.00
1 2222.61 m31    6.39
2 2223.48  0     0.00
2 2224.17  0     0.00
0 2224.52  10    0.00
0 2227.51  2     0.00
2 2228.49  0     0.00
2 2229.21  3     0.00
0 2229.31  0     0.00
2 2233.11 s5    13.19
1 2234.91  25    0.00
2 2235.30  5     0.00
1 2235.45  6     0.00
0 2237.56  2     0.00
0 2241.21  12    0.00
1 2244.97  25    0.00
2 2245.52 s10    6.68
2 2246.50  2     0.00
2 2247.59  0     0.00
1 2249.30 m15    5.51
2 2249.90  25    0.00
2 2250.63  8     0.00
2 2251.52 s3     9.10
2 2251.92  0     0.00
2 2253.13  0     0.00
2 2256.10  0     0.00
0 2257.13  12    0.00
2 2258.71  0     0.00
0 2259.45  0     0.00
2 2260.49  0     0.00
2 2262.66  4     0.00
2 2262.90  0     0.00
2 2263.32  0     0.00
2 2263.99 s2    13.02
0 2266.41  0     0.00
0 2267.24  5     0.00
1 2268.84 m19    0.00
2 2271.72 s3    13.02
0 2274.07  10    0.00
1 2274.38 m29    5.54
1 2274.84  25    0.00
1 2276.41  25    0.00
1 2276.86  25    0.00
2 2278.76  0     0.00
1 2280.48  20    0.00
0 2281.27  4     0.00
0 2285.65  0     0.00
2 2286.19  0     0.00
2 2286.57  0     0.00
2 2287.50 s5    12.99
2 2288.19 s3     7.07
1 2289.27 m15    5.51
0 2291.72  0     0.00
1 2292.40 m15    5.51
2 2293.46  0     0.00
0 2293.87  2     0.00
2 2294.14  0     0.00
2 2294.56  0     0.00
0 2295.73  20    0.00
2 2295.86  0     0.00
0 2297.31  0     0.00
0 2298.13  0     0.00
0 2298.36  12    0.00
1 2298.78  15    0.00
2 2299.51  0     0.00
0 2300.39  0     0.00
0 2302.42  0     0.00
1 2303.20  25    0.00
0 2304.26  0     0.00
0 2305.63  10    0.00
1 2308.04 m24    6.18
2 2310.96 s5     7.01
2 2313.03  3     0.00
1 2315.50 m9     0.00
0 2317.90  0     0.00
1 2318.29 m22    5.45
2 2319.88 s2     7.59
0 2322.21  0     0.00
0 2323.30  2     0.00
1 2326.10 m10    6.14
2 2326.33  0     0.00
1 2330.96  25    0.00
2 2331.79  0     0.00
2 2335.19 s2     7.55
0 2338.05  0     0.00
2 2339.19 s2    11.98
0 2339.52  0     0.00
1 2340.18 m17    6.11
2 2340.99  0     0.00
2 2341.52  0     0.00
2 2342.77  0     0.00
2 2343.23  0     0.00
0 2346.72  8     0.00
1 2347.16  18    0.00
2 2348.54  3     0.00
0 2351.40  0     0.00
0 2356.33  20    0.00
1 2357.10 m29    5.35
0 2357.57  20    0.00
2 2358.77  0     0.00
0 2363.86  0     0.00
0 2364.58  0     0.00
2 2365.23  0     0.00
0 2365.36  0     0.00
2 2366.50 s2    13.02
1 2368.28 m17    6.05
2 2371.61  0     0.00
0 2373.32  0     0.00
2 2377.28 s5     6.37
0 2377.95  10    0.00
0 2378.06  0     0.00
0 2381.36  0     0.00
1 2383.64 m13    6.45
2 2384.46 s2    11.88
2 2386.50  2     0.00
1 2386.81 m4     5.29
0 2387.35  4     0.00
1 2389.53 m11    5.29
2 2390.06  0     0.00
0 2390.14  3     0.00
2 2390.80  0     0.00
0 2391.76  6     0.00
0 2392.03  0     0.00
1 2396.17 m4     6.85
2 2396.69 s2     8.13
2 2400.57  0     0.00
1 2401.00  25    0.00
1 2401.87 m7     6.42
1 2403.09 m20    5.92
2 2405.73 s1     8.24
2 2410.33 s1     8.10
1 2413.05 a3     6.39
2 2417.73  0     0.00
1 2418.06 m10    6.80
2 2420.81  4     0.00
2 2424.87 s5     7.07
1 2428.04 m8     5.92
1 2428.20 m5     6.36
1 2429.10 m3     6.36
2 2429.35  4     0.00
2 2433.49  1     0.00
2 2434.45 s2     7.78
1 2436.69 m18    5.18
1 2440.06 m66    5.08
2 2442.62 s2     7.98
2 2443.09  0     0.00
2 2450.44 s2     7.01
1 2450.97 m6     5.06
0 2455.14  0     0.00
1 2467.44 m44    5.02
2 2467.59 s1     7.99
1 2471.01 m3     6.70
0 2481.18  2     0.00
2 2482.04  2     0.00
0 2483.36  40    0.00
2 2486.98  6     0.00
1 2487.17 m100   4.98
2 2488.73  10    0.00
0 2488.88  0     0.00
1 2490.13 m20    5.08
2 2491.41  0     0.00
2 2492.53  0     0.00
1 2495.82 m16    5.78
2 2497.92  0     0.00
1 2498.50 m24    5.06
1 2504.04 a3     6.20
1 2505.93 m5     0.00
1 2508.50 m12    5.76
1 2513.88 s3     7.01
1 2514.07 m5     6.18
1 2515.03 m6     6.18
1 2515.58 m24    5.02
1 2517.18  15    0.00
1 2524.30 m14    5.72
2 2524.85  0     0.00
1 2529.41 m4     6.57
1 2536.49 m5     6.13
3 2539.21 m16    4.98
1 2541.35  15    0.00
1 2549.46 m1     6.53
1 2552.25 m5     6.12
2 2568.58  1     0.00
2 2572.61  15    0.00
1 2574.49  15    0.00
2 2578.39  2     0.00
2 2581.08  0     0.00
2 2583.15  0     0.00
0 2587.79  10    0.00
2 2591.01  0     0.00
1 2596.00 m5     6.69
1 2599.89  5     0.00
1 2603.14 m7     6.02
2 2603.68  0     0.00
2 2608.06  0     0.00
1 2614.61  10    0.00
2 2616.76 s3     7.64
1 2619.57 m5     5.54
2 2621.03  1     0.00
0 2621.50  1     0.00
2 2625.33 s3     6.37
1 2627.39  40    0.00
1 2628.03 m110   4.81
2 2634.89  4     0.00
1 2639.35 m13    5.59
1 2645.37  40    0.00
1 2646.89 m100   4.68
1 2650.86 m50    4.78
2 2651.50  0     0.00
1 2658.17 m2     5.92
1 2658.70  40    0.00
1 2659.45 m280   4.66
2 2664.64  30    0.00
1 2674.57 m4     5.45
1 2677.15 m44    4.63
2 2679.13 s2     7.57
2 2680.05  0     0.00
0 2681.79  1     0.00
2 2689.39  1     0.00
2 2692.23  4     0.00
0 2694.23  2     0.00
1 2698.43 m20    5.35
2 2699.38  0     0.00
1 2702.40 m200   4.68
1 2705.89 m160   4.68
2 2710.92  1     0.00
1 2713.13 m6     5.82
0 2715.77  5     0.00
2 2717.62 s2     7.64
1 2719.04 m130   4.66
0 2721.83  1     0.00
2 2726.41  4     0.00
1 2729.92 m13    5.35
1 2733.69  15    0.00
1 2733.96 m180   4.63
1 2734.50 a5     6.20
2 2735.75  1     0.00
1 2738.48 m7     5.78
2 2740.39  0     0.00
2 2743.49 s2    12.54
0 2744.83 R0     0.00
1 2747.61 m7     6.18
1 2753.76  15    0.00
1 2753.86 m8     5.76
1 2754.92 m20    5.76
1 2757.69  15    0.00
2 2763.22  6     0.00
0 2766.66  10    0.00
0 2768.95  1     0.00
1 2769.84 m3     5.29
1 2771.67 m50    4.57
1 2772.82  15    0.00
1 2773.24 m4     6.14
1 2774.00 m2     5.72
0 2774.20  4     0.00
2 2774.78 s5     7.55
2 2788.62  6     0.00
1 2793.27 m5     6.12
1 2793.64  10    0.00
1 2794.21 m1     6.08
2 2797.80  2     0.00
2 2799.98 s4    11.98
1 2803.24 m14    5.18
1 2808.50  20    0.00
0 2808.83  1     0.00
0 2812.97  2     0.00
2 2814.00  4     0.00
1 2818.25 m5     4.50
2 2818.87  1     0.00
2 2822.27 s3    11.98
2 2822.49  2     0.00
0 2824.41  2     0.00
1 2830.30 m140   4.38
2 2831.55  0     0.00
1 2834.71 m7     5.62
1 2837.23  2     0.00
0 2842.00  1     0.00
1 2853.11 m1     6.02
0 2853.38  2     0.00
2 2860.68 s8    11.98
2 2865.05 s4    11.88
0 2866.07  1     0.00
2 2866.89  6     0.00
0 2870.46  10    0.00
2 2875.85 s4    12.54
2 2877.52 s10   11.88
1 2888.20 m3     5.54
2 2890.37 R0     0.00
1 2893.22  25    0.00
1 2893.87 m60    4.38
1 2897.87 m30    4.38
2 2899.64  2     0.00
1 2905.90 m6     5.08
1 2907.89  15    0.00
1 2910.44  3     0.00
1 2912.26 m12    5.51
1 2913.24  25    0.00
1 2913.54 m12    5.51
0 2914.12  1     0.00
1 2919.34 m17    5.92
1 2921.38 m3     5.06
1 2928.10  8     0.00
2 2928.00  1     0.00
1 2929.79 m170   4.23
0 2930.78  15    0.00
0 2938.81  15    0.00
0 2941.09  2     0.00
1 2942.76 m3     7.95
1 2944.75 m3     5.02
0 2951.21  2     0.00
2 2958.49  1     0.00
1 2959.10 m3     6.11
1 2960.75 m6     0.00
2 2979.18  1     0.00
0 2979.80  1     0.00
1 2983.74  6     0.00
1 2997.97 m180   4.23
2 3001.17 s3     6.37
1 3002.27 m22    5.80
0 3005.78  3     0.00
0 3011.54  3     0.00
1 3012.38  2     0.00
0 3012.52  1     0.00
0 3017.24  2     0.00
1 3017.88 m3     5.78
0 3022.84  5     0.00
1 3024.29  5     0.00
2 3031.22 s3    11.88
1 3036.45 m13    5.76
2 3041.07  5     0.00
1 3041.21  3     0.00
1 3042.64 m80    4.18
2 3056.07  1     0.00
1 3059.64  25    0.00
1 3064.71 m320   4.04
0 3070.26  3     0.00
1 3071.94 m3     5.29
2 3074.15  0     0.00
2 3075.93  0     0.00
0 3076.71  1     0.00
0 3079.57  3     0.00
0 3084.11  10    0.00
0 3084.86  2     0.00
1 3100.04 m13    4.81
1 3100.96  15    0.00
0 3114.03  3     0.00
2 3118.01  1     0.00
0 3119.80  6     0.00
0 3126.92  1     0.00
1 3139.39 m32    4.04
0 3141.66 a7     0.00
2 3144.09  7     0.00
2 3145.03  1     0.00
1 3156.57 m14    5.18
2 3159.08  3     0.00
0 3174.52  0     0.00
1 3200.71 m12    5.54
1 3204.04 m32    4.68
0 3208.85  3     0.00
1 3212.37  6     0.00
0 3220.77  2     0.00
1 3227.16  4     0.00
1 3230.29 m3     5.51
1 3233.42 m2     5.75
1 3240.20  40    0.00
2 3243.71  4     0.00
1 3248.50  2     0.00
1 3250.36 m2     0.00
1 3251.98 m4     5.07
1 3255.92 m16    4.57
0 3256.93  2     0.00
1 3259.73  3     0.00
1 3261.07  3     0.00
1 3268.42 m3     0.00
2 3273.05  0     0.00
1 3281.97 m3     7.95
1 3283.20  8     0.00
1 3283.31  8     0.00
1 3290.22 m12    5.02
1 3301.86 m50    4.57
0 3302.12  2     0.00
0 3312.48  2     0.00
1 3315.05 m6     3.73
1 3323.80 m4     4.98
0 3325.72  2     0.00
1 3327.17  3     0.00
1 3335.83  2     0.00
0 3338.18  2     0.00
0 3340.08  1     0.00
1 3343.90 a5     5.62
1 3366.99  25    0.00
0 3372.79  2     0.00
0 3372.99  10    0.00
0 3383.82  1     0.00
1 3408.13 m34    3.74
0 3417.06  3     0.00
0 3421.72  2     0.00
1 3426.72  8     0.00
1 3427.93 m4     5.29
1 3431.84  5     0.00
2 3447.67  0     0.00
2 3447.78  1     0.00
0 3453.86  1     0.00
1 3454.13  2     0.00
0 3463.94  2     0.00
1 3476.75  10    0.00
2 3477.67  0     0.00
1 3483.43 m6     4.81
1 3485.27 m16    4.81
0 3490.99  2     0.00
1 3498.17  1     0.00
0 3500.31  2     0.00
1 3514.71  2     0.00
0 3528.54  5     0.00
2 3535.84  0     0.00
0 3546.44  3     0.00
2 3548.49  0     0.00
2 3551.37  0     0.00
2 3571.99  0     0.00
2 3577.20  0     0.00
1 3587.40  4     0.00
0 3594.01  3     0.00
2 3607.89  0     0.00
1 3610.90  4     0.00
1 3621.65  4     0.00
1 3628.11 m12    4.23
0 3628.87  6     0.00
1 3638.79 m7     4.66
1 3643.17 m7     5.70
0 3652.25  2     0.00
1 3653.99  2     0.00
1 3659.41  5     0.00
1 3663.10 a3     5.06
1 3671.99 a4     4.63
1 3674.05 a4     4.63
1 3682.98  8     0.00
1 3687.42  35    0.00
1 3699.91 m4     5.02
2 3700.14  0     0.00
1 3706.53 m2     0.00
0 3720.74  5     0.00
2 3766.38  0     0.00
2 3768.39  0     0.00
0 3799.87  5     0.00
0 3800.21  3     0.00
0 3800.50  4     0.00
1 3801.05 m2     0.00
2 3806.91  0     0.00
1 3818.69 m8     4.50
0 3819.88  3     0.00
0 3868.41  0     0.00
0 3875.72  0     0.00
1 3898.74  20    0.00
1 3900.73 m4     7.41
1 3903.72  2     0.00
1 3904.39  5     0.00
1 3906.29  2     0.00
1 3910.90  5     0.00
1 3922.96 m11    6.90
1 3925.34 a3     5.08
1 3948.40 m3     4.81
1 3953.64  2     0.00
1 3966.36 m10    4.38
0 3966.54  3     0.00
2 3970.06  4     0.00
1 3996.57 m2     5.02
2 4014.31  0     0.00
2 4023.81  0     0.00
2 4034.17  0     0.00
2 4046.45 s2     7.57
1 4054.77  5     0.00
2 4061.66  0     0.00
0 4065.94  5     0.00
0 4081.47  3     0.00
1 4092.26  4     0.00
1 4118.69 m11    4.68
2 4148.30  0     0.00
1 4164.56 m8     4.23
1 4192.43 m4     4.63
1 4201.21  2     0.00
2 4223.69  0     0.00
0 4259.93  5     0.00
1 4263.51  10    0.00
1 4269.25  2     0.00
0 4273.90  2     0.00
1 4288.06 a3     4.81
2 4288.42  0     0.00
1 4290.88  2     0.00
0 4302.43  0     0.00
1 4309.17  3     0.00
1 4327.07 m1     7.04
2 4334.65  2     0.00
1 4343.66  3     0.00
1 4358.33  2     0.00
1 4364.46  3     0.00
0 4371.92  0     0.00
1 4391.83 m1     5.54
1 4414.40  2     0.00
1 4414.25  2     0.00
1 4430.20  4     0.00
1 4437.28  25    0.00
1 4442.55 m8     4.04
1 4445.55 m1     4.04
0 4471.65  0     0.00
1 4481.64  2     0.00
1 4484.69  5     0.00
0 4493.18  2     0.00
1 4498.76 m2     6.49
1 4511.25  1     0.00
2 4514.14  2     0.00
1 4520.90 m1     7.42
1 4523.00  10    0.00
1 4547.87  3     0.00
1 4551.95  2     0.00
1 4552.42 m3     6.90
1 4554.59  10    0.00
0 4560.07  1     0.00
1 4577.42  5     0.00
1 4580.54  3     0.00
0 4631.12  2     0.00
0 4639.73  2     0.00
1 4640.82  15    0.00
1 4657.95  9     0.00
1 4684.10  5     0.00
0 4736.08  2     0.00
1 4737.56  4     0.00
1 4739.75  5     0.00
1 4747.88  3     0.00
1 4768.09  3     0.00
1 4772.32  5     0.00
2 4804.24  2     0.00
0 4824.21  2     0.00
1 4831.95  2     0.00
1 4853.92  15    0.00
1 4862.39  3     0.00
1 4879.53 m1     7.04
0 4940.13  3     0.00
1 4986.83  4     0.00
1 4997.97  6     0.00
1 5002.63  15    0.00
0 5033.52  30    0.00
1 5038.54  5     0.00
1 5044.04 m1     4.38
1 5053.86  4     0.00
1 5055.37  4     0.00
1 5059.48 m3     6.49
1 5077.81  5     0.00
1 5082.35  5     0.00
0 5095.79  10    0.00
1 5108.42  2     0.00
1 5118.43  4     0.00
1 5130.91  3     0.00
1 5155.38  15    0.00
1 5164.97  2     0.00
1 5193.90  3     0.00
1 5208.59  2     0.00
1 5227.66 m3     4.04
1 5238.47  2     1.00
1 5257.47  10    1.00
1 5260.84  18    0.00
1 5268.24  2     1.00
1 5286.12  10    1.00
1 5301.02 m4     6.90
1 5319.33  9     1.00
1 5324.58  4     1.00
0 5325.90  3     1.00
0 5328.60  2     1.00
1 5368.99 m1     4.23
1 5387.88  15    1.00
1 5390.79 m1     6.53
1 5469.49  7     0.00
1 5475.77 m1     6.49
1 5478.50 m1     7.04
1 5521.68  4     0.00
1 5525.84  18    0.00
1 5560.01  6     0.00
1 5560.17  2     0.00

