2 3136.30 m22    0.00
2 3136.30 m22    0.00
2 3152.52 m34    0.00
2 3196.88 m30    4.19
2 3183.92 m60    0.00
2 3187.01 m26    4.07
2 3187.22 m36    4.27
2 3187.79 m30    4.17
2 3193.01 m30    0.00
2 3196.18 m30    4.26
2 3207.18 m30    3.87
2 3211.75 m50    0.00
2 3215.24 m22    4.24
2 3216.85 m44    3.96
2 3218.60 m50    0.00
2 3226.86 m22    0.00
2 3228.78 m22    4.38
2 3230.54 m60    4.02
2 3231.53 m30    3.94
2 3233.68 m36    0.00
2 3236.64 m60    0.00
2 3239.64 m60    4.31
2 3241.15 m44    3.87
2 3250.36 m60    3.82
2 3253.49 m30    0.00
2 3253.93 m22    4.19
2 3254.39 m70    3.85
2 3262.28 m30    4.13
2 3264.94 m36    4.07
2 3272.48 m36    0.00
2 3272.81 m36    4.17
2 3273.48 m36    0.00
2 3276.74 m36    4.27
2 3280.84 m22    0.00
2 3286.23 m36    4.26
2 3290.28 m60    0.00
2 3295.44 m30    0.00
2 3295.81 m36    3.86
2 3298.10 m60    0.00
2 3301.68 m28    4.24
2 3304.52 m28    3.75
2 3305.18 m28    4.08
2 3306.37 m140   4.24
2 3307.02 m70    0.00
2 3309.52 m28    3.85
2 3310.66 m70    4.02
2 3312.42 m50    3.93
2 3316.58 m34    0.00
2 3220.15 m36    3.92
2 3321.19 m100   4.11
2 3323.77 m28    0.00
2 3325.26 m28    0.00
2 3327.91 m28    0.00
2 3340.58 m70    3.75
2 3354.18 m34    4.07
2 3365.86 m100   0.00
2 3368.57 m28    3.96
2 3369.46 m28    4.01
2 3371.21 m28    4.22
2 3382.40 m100   3.85
2 3384.66 m42    4.04
2 3389.32 m34    4.02
2 3396.19 m34    4.08
2 3402.46 m50    4.02
2 3408.68 m70    0.00
2 3418.15 m22    0.00
2 3418.52 m36    4.11
1 3445.62  3445 3445.62
2 3511.23 m28    3.63
2 3530.60 m26    3.70
2 3535.65 m22    3.94
2 3559.10 m42    0.00
2 3568.28 m350   3.96
2 3577.79 m22    3.46
2 3580.94 m32    0.00
2 3583.39 m26    3.64
2 3592.62 m350   3.83
2 3601.69 m28    3.63
2 3604.28 m140   3.93
2 3609.48 m280   3.71
2 3621.23 m140   3.52
2 3627.00 m70    3.69
2 3631.13 m70    0.00
2 3634.27 m280   3.59
2 3638.77 m34    0.00
2 3645.29 m30    3.59
2 3645.39 m25    3.73
2 3649.51 m55    3.78
2 3650.19 m28    3.64
2 3656.22 m28    0.00
2 3661.36 m180   3.42
2 3662.25 m14    3.72
2 3667.93 m28    3.66
2 3670.68 m28    0.00
2 3670.82 m180   3.48
2 3674.06 m14    3.38
2 3677.79 m28    0.00
2 3681.73 m22    0.00
1 3687.88 h50    3.75
2 3688.42 m22    3.46
2 3692.23 m22    3.63
2 3693.99 m85    3.35
2 3694.30 m14    3.35
2 3700.60 m22    3.78
2 3700.93 m22    0.00
2 3706.75 m36    3.83
2 3706.98 m36    0.00
2 3708.41 m36    3.38
2 3708.66 m70    3.52
2 3710.87 m12    3.52
2 3711.54 m36    3.59
2 3712.76 m26    3.58
2 3718.89 m70    3.71
2 3721.86 m70    0.00
2 3724.91 m32    3.36
2 3726.83 m14    3.51
2 3728.47 m120   3.99
2 3731.27 m160   3.42
2 3735.97 m120   3.59
2 3737.14 m60    0.00
2 3737.48 m24    3.69
2 3739.12 m220   0.00
2 3741.29 m60    0.00
2 3743.87 m90    3.64
1 3745.46 m70    3.49
2 3747.62 m36    3.58
2 3755.28 m60    3.63
1 3756.41 m66    3.40
2 3756.53 m22    0.00
2 3757.53 m90    0.00
2 3758.45 m34    3.30
2 3758.97 m50    0.00
2 3760.04 m26    3.67
2 3760.69 m140   3.49
2 3762.59 m50    3.53
2 3764.37 m85    3.63
2 3767.36 m36    3.77
2 3767.76 m36    0.00
2 3770.73 m10    3.95
1 3773.33 m28    0.00
2 3774.29 m22    3.56
2 3778.15 m85    0.00
2 3780.76 m50    0.00
2 3780.93 m32    3.66
1 3783.81 h50    3.56
2 3787.20 m24    3.31
2 3788.12 m110   3.53
2 3793.97 m120   3.38
2 3797.28 m32    3.37
2 3797.73 m120   0.00
2 3799.54 m38    3.45
2 3800.89 m60    3.53
2 3805.63 m24    3.36
2 3808.46 m32    3.59
2 3809.75 m24    3.59
2 3809.88 m24    3.36
2 3810.43 m32    0.00
2 3812.07 m38    3.36
2 3813.63 m36    0.00
2 3814.63 m32    3.53
2 3824.18 m40    3.43
2 3826.20 m120   3.78
2 3830.30 m40    3.34
2 3831.50 m85    3.66
2 3833.83 m40    3.51
1 3834.48 m42    3.73
2 3834.60 m42    0.00
2 3835.72 m28    3.42
2 3838.94 m38    3.56
2 3840.45 m30    3.27
2 3843.50 m120   3.66
2 3847.51 m40    3.56
2 3848.81 m48    0.00
2 3851.88 m22    3.40
1 3853.30 m40    3.60
2 3854.20 m200   0.00
1 3854.56 m36    3.40
2 3855.90 m60    3.25
2 3857.91 m36    3.49
1 3858.74 m30    3.49
2 3862.05 m50    3.31
2 3862.23 m26    3.54
2 3865.24 m24    3.25
2 3871.78 m60    3.39
2 3875.19 m30    0.00
2 3875.54 m42    3.39
1 3877.47 m18    3.69
2 3880.77 m60    3.30
2 3881.38 m34    3.53
2 3881.79 m34    0.00
2 3882.50 m24    0.00
2 3885.29 m280   3.68
2 3889.16 m50    3.52
2 3890.08 m46    3.37
2 3891.18 m24    3.37
2 3894.05 m30    3.56
2 3896.97 m120   3.22
2 3903.45 m100   0.00
2 3917.44 m42    3.27
2 3922.40 m170   3.53
1 3925.20 m20    3.25
2 3928.27 m130   3.34
2 3933.59 m20    3.58
2 3935.76 m32    3.43
2 3941.87 m85    3.14
2 3943.24 m42    3.25
2 3946.51 m34    3.32
2 3948.10 m50    3.24
1 3951.89 m32    0.00
2 3959.52 m25    0.00
2 3963.00 m100   0.00
2 3966.05 m42    3.37
2 3967.68 m32    3.78
2 3970.53 m50    3.12
2 3971.37 m100   3.55
1 3974.66 m42    3.40
2 3976.27 m65    3.22
2 3976.43 m70    3.45
2 3979.21 m65    3.65
2 3983.15 m50    3.49
2 3986.68 m50    3.29
2 3987.43 m25    3.39
1 3990.00 m100   3.49
2 3993.31 m50    3.14
2 4007.51 m32    3.53
2 4023.23 m60    3.12
2 4035.12 m50    3.40
2 4041.68 m40    3.25
2 4042.72 m50    3.11
2 4042.90 m60    3.17
2 4045.05 m38    3.17
2 4046.16 m30    3.17
2 4047.16 m50    3.25
2 4049.81 m40    3.06
2 4058.87 m30    3.54
2 4063.54 m38    3.09
2 4064.58 m95    3.29
2 4066.74 m55    3.32
2 4068.33 m48    3.48
2 4075.84 m55    3.58
2 4082.60 m28    3.70
2 4084.41 m15    3.37
2 4092.27 m70    3.04
2 4106.61 m6     3.56
2 4107.28 m55    3.12
2 4109.40 m28    3.29
2 4113.90 m28    3.20
2 4118.57 m130   3.66
2 4121.36 m28    3.39
2 4123.96 m48    3.49
2 4147.71 m22    3.03
2 4149.83 m55    3.09
2 4152.21 m80    3.17
2 4153.33 m36    3.64
2 4155.22 m38    3.53
2 4169.48 m55    3.22
2 4171.57 m28    3.40
2 4178.02 m30    3.51
2 4181.10 m36    3.30
2 4183.76 m36    3.00
2 4188.13 m70    3.50
2 4191.93 m28    0.00
2 4202.92 m44    3.43
2 4203.05 m75    3.38
2 4206.13 m45    3.32
2 4210.35 m45    3.04
2 4220.66 m50    3.12
2 4223.75 m10    3.27
2 4225.33 m70    3.12
2 4229.70 m50    2.97
2 4234.59 m42    3.36
2 4236.74 m80    3.58
2 4237.65 m34    3.03
2 4244.70 m42    3.19
2 4249.55 m14    3.25
2 4251.79 m17    3.29
2 4256.40 m140   3.29
2 4258.56 m14    3.34
2 4262.69 m85    3.28
2 4265.08 m347   3.09
2 4279.67 m80    3.17
2 4279.95 m16    3.14
2 4280.80 m150   3.38
2 4281.00 m13    0.00
1 4282.21 m48    3.28
1 4282.83 m32    3.18
2 4285.48 m3     3.17
2 4286.64 m24    3.32
2 4292.18 m24    3.22
1 4296.75 m110   3.38
2 4304.95 m22    3.54
2 4309.01 m60    3.06
2 4318.95 m130   3.14
1 4319.54 m32    3.05
2 4323.30 m40    2.97
2 4329.02 m120   3.04
1 4330.01 m30    2.90
2 4334.16 m90    3.13
1 4336.14 m60    3.24
2 4345.87 m38    2.96
2 4347.80 m75    3.23
2 4350.47 m38    3.33
2 4352.10 m38    0.00
2 4360.71 m38    3.09
2 4362.04 m55    3.32
1 4362.92 m30    2.84
2 4363.46 m15    3.03
2 4368.04 m34    3.21
2 4373.46 m30    3.26
2 4374.97 m22    2.87
2 4378.24 m60    3.49
1 4380.42 m36    3.01
2 4384.29 m20    3.37
2 4390.87 m110   3.00
1 4401.16 m28    3.20
2 4403.06 m55    3.00
2 4403.37 m28    3.00
2 4409.34 m35    3.14
2 4417.58 m26    3.28
1 4419.33 m32    2.84
2 4420.54 m100   3.13
2 4421.14 m65    3.18
2 4424.35 m200   3.28
1 4429.66 m32    2.90
2 4433.89 m110   3.23
2 4434.34 m120   3.17
1 4441.81 m36    2.97
1 4442.28 m30    2.89
2 4444.27 m48    0.00
1 4445.15 m48    3.18
2 4452.71 m90    3.06
2 4454.65 m80    3.32
2 4458.53 m70    2.88
2 4467.34 m150   3.43
1 4470.88 m55    3.05
2 4472.42 m32    2.96
2 4473.01 m42    3.05
2 4478.67 m50    0.00
1 4499.11 m25    2.94
2 4499.48 m25    3.00
2 4511.85 m38    2.93
2 4515.11 m30    0.00
2 4519.65 m60    3.28
1 4522.53 m4     2.92
2 4523.04 m30    2.78
2 4523.93 m44    3.17
1 4532.45 m5     2.92
2 4537.96 m48    3.21
2 4542.05 m26    0.00
2 4543.96 m55    3.06
2 4552.65 m28    2.97
2 4554.45 m18    2.82
2 4560.42 m16    2.76
2 4566.22 m32    3.04
2 4577.69 m40    2.95
1 4581.73 m30    3.20
2 4584.84 m38    3.14
2 4591.82 m20    2.88
2 4593.54 m26    3.07
2 4595.31 m38    3.18
2 4604.18 m15    2.73
1 4611.26 m5     2.79
2 4615.71 m32    2.87
2 4642.23 m60    3.05
2 4646.69 m20    2.94
1 4649.49 m26    2.77
1 4663.55 m20    2.94
2 4669.40 m50    2.76
2 4669.65 m42    2.93
1 4670.75 m32    2.84
2 4674.60 m110   2.83
2 4676.92 m70    2.69
1 4681.56 m22    2.83
2 4687.20 m38    2.68
1 4688.75 m38    2.92
2 4693.63 m13    2.82
2 4699.36 m12    2.97
2 4704.40 m55    2.63
2 4710.66 m6     3.29
2 4713.07 m28    3.17
2 4714.64 m8     3.01
2 4715.27 m13    2.73
1 4716.11 m75    3.01
1 4717.09 m28    2.63
2 4717.74 m22    3.06
2 4718.33 m20    3.28
2 4719.84 m28    2.67
2 4726.02 m13    2.96
1 4728.42 m80    2.81
2 4745.69 m48    2.71
1 4750.73 m15    2.89
2 4755.37 m4     2.88
1 4770.27 m75    2.70
2 4774.15 m11    2.78
2 4777.82 m20    2.63
2 4781.84 m7     3.08
1 4783.10 m60    2.63
1 4785.86 m36    2.69
1 4789.97 m16    2.97
2 4791.58 m24    2.69
2 4798.88 h50    3.96
2 4815.81 m44    2.76
2 4829.55 m13    2.94
2 4833.33 m4     3.56
2 4834.63 m8     3.05
2 4836.67 m3     2.67
2 4837.64 m4     3.83
1 4841.71 m100   3.06
2 4844.21 m32    2.83
2 4847.77 m14    3.21
1 4848.33 m28    2.84
2 4854.38 m12    2.93
2 4859.56 m9     2.88
2 4869.99 m8     3.71
1 4883.79 m22    2.57
1 4883.99 m75    2.92
2 4893.34 m8     3.08
2 4894.31 m3     2.78
2 4900.74 m4     3.53
1 4904.99 m18    2.63
1 4910.42 m65    2.81
2 4913.27 m36    3.18
1 4919.00 m44    2.70
2 4920.37 m8     3.60
2 4936.03 m6     2.94
2 4938.10 m16    2.76
1 4946.33 m13    2.69
2 4948.63 m24    3.05
2 4952.37 m16    2.83
2 4953.05 m6     2.69
2 4961.94 m24    2.93
2 4964.58 m6     2.68
2 4972.19 m8     3.42
1 4975.99 m24    2.49
2 4981.71 m6     3.15
2 4989.44 m5     2.73
2 4992.03 m10    3.48
2 5016.63 m6     3.35
2 5023.51 m8     2.72
2 5028.47 m20    3.96
1 5044.28 m55    2.64
2 5052.77 m28    3.83
2 5057.73 m9     3.53
2 5069.47 m24    3.71
1 5071.21 m75    0.00
2 5100.20 m24    3.92
2 5103.10 m36    3.59
2 5104.51 m20    3.42
2 5112.32 h125   3.31
2 5116.71 m19    3.35
1 5117.17 m70    0.00
1 5122.15 m48    2.81
2 5124.83 m7     0.00
2 5154.27 m8     0.00
2 5155.04 m50    3.48
2 5166.06 m11    3.77
2 5169.60 m7     0.00
1 5172.76 m34    2.68
1 5175.43 m65    0.00
2 5178.06 m10    0.00
1 5200.59 m34    2.57
2 5202.73 m8     2.72
1 5228.78 m8     0.00
2 5234.18 m6     0.00
1 5251.89 m36    2.64
1 5271.39 m55    2.45
2 5272.82 m3     0.00
1 5282.91 m34    2.53
2 5312.23 m5     2.67
1 5320.61 m26    2.60
1 5321.87 m2     0.00
1 5341.28 m15    2.36
2 5364.36 m3     0.00
1 5368.36 m20    2.81
1 5387.98 m5     0.00
1 5405.24 m18    2.33
1 5453.02 m30    2.66
1 5466.73 m19    2.45
1 5493.74 m32    2.36
1 5498.23 m11    2.29
1 5512.12 m11    2.36
1 5516.14 m32    2.53
2 5537.07 m4     3.91
1 5550.40 m20    2.42
1 5573.45 m6     2.61
1 5574.92 m4     2.26

