2 2000.73  m1  1.00
2 2001.17  m2  1.00
2 2001.81  a1   6.519
2 2002.28  a2   7.649
2 2003.16  a3  1.00
2 2003.92  a4  6.887
2 2004.54  a5  1.00
2 2005.86  a6  1.00
2 2006.71  a7  1.00
2 2009.19  a8  1.00
2 2013.17  a9  1.00
2 2014.66  a10 1.00
2 2015.50  a11 1.00
2 2017.71  a12  1.00
2 2019.18  a13  1.00
2 2020.74  a14  6.835
2 2022.21   a15 1.00
2 2022.66  a16  1.00
2 2023.20  a17  7.701
2 2024.00  a18  1.00
2 2027.12  a19  1.00
2 2027.92  a20   1.00
2 2028.40  a21  1.00
2 2029.92  a22  1.00
2 2030.25   a23  7.913
2 2030.62  a24  1.00
2 2031.17  a25  1.00
2 2031.53  a26  1.00
2 2032.36  a27  6.945
2 2032.61   a28  1.00
2 2034.19  a29  1.00
2 2035.89   a30  7.547
2 2038.10  a31   6.629
2 2040.01  a32   1.00
2 2040.61  a33   7.649
2 2043.16  a34  6.614
2 2044.11  a35  1.00
2 2044.66  a36   6.389
2 2046.19  a37  6.185
2 2047.40  a38  7.262
2 2049.46  a39  7.639
2 2050.28   a40  7.726
2 2051.17   a41  1.00
2 2051.54   a42   1.00
2 2052.73   a43  6.549
2 2053.84  a44   1.00
2 2055.26   a45   1.00
2 2055.76   a46   8.259
2 2140.15  m1100  11.1
2 2142.52   a48  6.552
2 2146.87 m1500 5.901
2 2150.64 m740 5.891
2 2151.15  a50  7.898
2 2165.00 m600 5.725
2 2178.03 m740 6.238
2 2182.72 m1200 5.806
2 2193.22 m540 5.979
2 2193.88 m1100 6.417
2 2196.05 m1500 6.192
2 2199.67 m1500 5.635
2 2207.13 m500 7.075
2 2210.04 m1400 5.608
2 2210.20 m1400 6.155
2 2215.58 m420 6.142
2 2227.85  a51  5.891
2 2239.48 m1400 5.862
2 2248.50 m240 6.721
2 2249.79 m480 5.509
2 2250.78 m1200 5.635
2 2254.88 m260 5.891
2 2255.77 m440 7.037
2 2256.53 m360 6.701
2 2258.74 m500 5.487
2 2261.43 m840 5.481
2 2261.62 m260 5.608
2 2262.29 m990 5.806
2 2269.56 m220 7.037
2 2271.86 m740 5.783
2 2272.59 m990 5.848
1 2279.85 m200 1.00
2 2282.21 m320 5.559
2 2285.02 m130 6.085
2 2285.27 m790 5.751
2 2286.60 m600 6.629
2 2287.28 m240 6.961
2 2289.18 m990 5.809
2 2292.56 m180 7.636
2 2295.22 m160 1.00
2 2301.47 m160 6.961
2 2302.23 m440 6.085
2 2302.92 m440 5.930
2 2303.48 m300 5.509
2 2308.51 m100 6.071
2 2312.62 m440 5.487
2 2315.45 m420 5.481
2 2319.09 m260 6.887
2 2331.30 m100 6.776
2 2332.00 m690 6.082
2 2332.19 m550 5.862
2 2334.14 m110 1.00
2 2334.90 m180 6.155
2 2335.75 m140 6.882
2 2338.28 m300 5.848
2 2340.94 m200 6.142
2 2341.62 m200 6.835
2 2343.65 m130 1.00
2 2346.44 m100 1.00
2 2351.99 m90    1.00
2 2353.87 m170 5.927
2 2355.22 m120 1.00
2 2356.07 m170 6.462
2 2356.92 m140 5.806
1 2357.30 m250 5.258
2 2359.17 m170 6.462
1 2361.09 m260 5.499
2 2362.78 m160 1.00
2 2363.32 m130 1.00
2 2364.26 m600 6.010
2 2367.26 m50 5.783
2 2369.34 m150 5.559
2 2370.77 m300 5.930
1 2371.58 m320 5.718
2 2372.81 m70 6.071
2 2373.92 m100 6.549
1 2375.91 m70  1.00
2 2378.33 m150 5.339
2 2381.14 m440 5.533
2 2381.55 m240 7.359
2 2383.72 m170 5.901
2 2384.28 m240 5.326
1 2385.73 m130 5.195
2 2387.06 m1400 5.740
2 2388.37 m80 5.891
2 2389.11 m160 6.389
1 2396.30 m70 5.869
1 2399.15 m110 1.00
2 2399.92 m50 5.559
2 2400.63 m2400 5.930
2 2402.13 m140 5.487
2 2403.68 m100 6.629
1 2406.55 m130 5.400
1 2407.57 m40 5.397
2 2408.26 m130 5.848
2 2412.53 m40 6.945
1 2412.67 m40 1.00
1 2414.32 m120 6.281
2 2415.21 m240 5.979
2 2416.89 m320 5.456
2 2417.33 m80 5.127
2 2417.86 m220 1.00
2 2418.77 m150 1.00
1 2421.03 m140 5.611
2 2421.85 m150 6.926
2 2423.48 m170 5.509
2 2425.91 m130 6.651
1 2427.64 m360 5.106
2 2428.00 m60 5.806
2 2429.71 m360 5.101
2 2431.06 m170 5.226
1 2431.66 m60 6.560
2 2432.70 m480 5.862
2 2433.59 m130 5.487
2 2436.51 m130 6.629
1 2437.07 m110 1.00
1 2437.67 m90 5.085
2 2438.64 m110 5.930
1 2439.91 m200 5.329
1 2442.39 m130 5.772
2 2444.13 m100 5.399
2 2444.69 m90  1.00
2 2445.56 m50  1.00
1 2447.17 m100 5.065
2 2449.45 m80 6.519
1 2454.21 m80 6.254
1 2454.48 m100 5.541
2 2454.70 m50 6.508
1 2458.68 m100 1.00
1 2460.55 m100 6.185
2 2461.06 m80 7.898
2 2463.82 m160 6.573
1 2465.26 m80 5.725
2 2466.99 m130 5.152
2 2467.37 m130 5.725
2 2468.41 m50 6.987
2 2470.90 m380 5.783
1 2471.38 m120 1.00
1 2472.13 m120 5.505
1 2473.13 m150 5.503
2 2473.31 m120 5.559
1 2474.62 m600 5.258
2 2475.32 m120 7.262
1 2475.33 m120 6.217
2 2476.67 m200 5.399
1 2478.22 m150 5.001
2 2479.58 m80 5.326
2 2481.86 m120 6.467
1 2482.00 m100 1.00
2 2482.60 m100 8.790
2 2483.48 m80  1.00
2 2484.04 m100 1.00
2 2484.72 m80 4.988
1 2484.95 m500 4.988
1 2486.70 m120 5.476
2 2488.70 m600 5.528
1 2490.46 m500 1.00
1 2496.24 m50 5.718
1 2496.64 m70 6.560
2 2497.77 m50 4.962
2 2498.33 m90 5.509
2 2501.98 m140 6.155
2 2503.01 m100 1.00
1 2504.45 m600 5.441
2 2505.32 m100 5.608
1 2507.45 m600 5.192
2 2508.92 m100 6.142
2 2510.71 m100 6.887
2 2511.64 m50  1.00
1 2512.65 m240 4.933
2 2513.10 m100 5.326
2 2513.88 m70 6.389
1 2519.78 m100 5.669
2 2526.02 m140 5.608
1 2526.35 m1200 5.155
1 2526.45 m1200 5.397
1 2531.29 m50 5.594
2 2532.12 m600 5.223
1 2533.00 m120 1.00
1 2534.16 m70 1.00
1 2534.47 m50 6.094
1 2534.97 m120 5.586
2 2537.94 m160 6.085
1 2542.23 m90 6.201
2 2542.36 m90 6.348
2 2544.37 m50 7.008
2 2545.49 m240 4.997
1 2546.80 m240 4.867
1 2549.38 m140 5.353
1 2551.07 m460 5.108
2 2551.73 m140 5.559
1 2553.18 m70  1.00
2 2553.19 m70  1.00
2 2554.62 m460 5.180
2 2554.91 m120 5.399
1 2555.05 m240 5.343
2 2556.51 m140 5.509
2 2557.71 m180 6.048
1 2559.43 m1200 4.843
1 2560.68 m180 1.00
1 2562.10 m460 5.329
1 2563.33 m80 5.085
1 2563.70 m140 4.835
2 2571.51 m340 5.481
1 2573.54 m430 4.816
1 2573.79 m390 5.065
1 2574.38 m150 6.051
1 2575.47 m150 5.960
2 2577.37 m600 1.00
1 2577.78 m340 5.505
2 2578.24 m70 6.383
2 2579.06 a50  6.348
1 2579.62 m100 4.805
1 2580.16 m210 5.053
2 2581.60 m35 6.010
2 2584.02 m340 1.00
2 2584.49 m140 6.467
1 2584.69 m150 5.943
1 2585.61 m100 5.997
2 2588.88 m35 5.635
2 2589.81 m75 5.487
2 2590.20 m21 6.467
1 2592.44 m70 1.00
2 2592.53 m70 6.462
1 2593.08 m430 5.477
2 2593.66 m410 5.326
2 2594.25 m310 4.778
1 2595.26 m560 5.473
2 2595.59 m120 4.775
1 2596.12 m85 4.774
2 2596.45 m310 5.101
1 2596.61 m60  1.00
2 2598.19 m100 7.025
1 2598.75 m45 5.520
1 2599.41 a60  6.094
1 2600.14 m220 4.767
2 2600.73 m70 5.533
1 2601.06 m140 5.515
1 2602.38 m85 5.515
2 2603.49 m600 5.528
1 2603.82 m60 5.997
1 2605.32 m60 5.905
2 2606.43 m70 6.721
2 2607.84 m120 1.00
1 2608.20 m50 5.001
1 2608.63 m1400 5.001
1 2609.00 m210 5.503
1 2610.13 m35 5.499
1 2611.34 m310 5.238
1 2611.46 m310 5.499
2 2612.61 m110 4.872
1 2615.25 m70 5.943
1 2615.46 m340 5.942
1 2615.66 m310 4.988
2 2617.22 a65  6.549
1 2620.18 m50  1.00
1 2624.12 m170 5.473
1 2625.46 m85 5.473
1 2627.43 m45 1.00
2 2628.85 m70 7.008
2 2630.53 m75 5.559
2 2632.27 m100 7.712
2 2635.58 m1200 4.831
1 2635.93 m70 4.951
1 2636.37 m50 5.905
1 2636.67 m470 5.192
1 2636.90 m860 5.397
2 2637.93 m50 6.835
2 2638.67 m85 5.399
2 2639.19 m50 6.155
1 2643.89 m170 5.441
2 2644.58 m120 6.262
2 2645.10 m120 5.533
1 2646.21 m510 6.009
1 2646.37 m600 4.933
2 2646.74 m150 6.155
2 2646.89 m150 6.142
1 2647.47 m2400 4.682
1 2650.02 m50 1.00
1 2650.28 m70 5.824
2 2651.22 m270 5.223
1 2652.32 m45 5.877
1 2653.27 m2600 4.921
1 2654.01 m21 1.00
1 2655.68 m35  1.00
1 2656.08 m45  1.00
1 2656.61 m1900 4.666
1 2657.30 m70 5.156
2 2658.14 m50 6.238
2 2658.86 m120 5.509
2 2659.41 m85 4.988
1 2659.66 m35  1.00
1 2661.34 m1500 5.354
1 2661.89 m150 5.353
1 2662.10 m130  1.00
2 2663.88 m26 6.467
2 2664.24 m50 6.882
2 2665.60 m220 4.778
1 2665.94 m35  1.00
2 2667.00 m45 4.775
1 2667.17 m50 5.400
1 2668.07 m220 5.343
1 2668.62 m600 4.645
2 2669.58 m150 7.726
1 2671.63 m100 5.997
2 2672.50 m100 5.339
2 2674.18 m50 6.600
1 2674.49 m35 5.960
2 2675.73 a70  7.636
2 2675.90 m770  5.180
2 2676.48 m50  5.959
2 2678.80 m70  6.882
2 2680.06 m270 5.326
2 2680.66 m220 5.171
1 2681.63 m26 6.217
1 2681.87 m110 1.00
1 2684.28 m600 4.867
1 2686.29 m35 5.824
2 2689.24 m100 5.456
1 2690.54 m35 5.754
1 2691.31 m340 4.606
2 2691.80 m50 5.152
1 2692.40 m260 5.301
2 2692.83 m45 4.997
1 2693.34 m95 5.352
1 2693.50 m50 5.299
2 2694.52 m470 4.928
1 2694.76 m150 5.352
2 2695.54 m45 5.927
2 2695.71 m26 5.806
1 2696.81 m240 5.743
1 2698.30 m1000 4.843
1 2700.70 m50 6.185
2 2702.80 m120 4.586
1 2703.06 m85 4.835
1 2704.31 m85 1.00
1 2706.69 m470 5.905
1 2706.92 m30 5.904
2 2709.27 m310 5.783
1 2710.13 m1200 5.065
2 2710.73 m26 7.576
1 2714.67 m2600 4.566
1 2717.18 m240 5.053
1 2718.38 m150 5.312
1 2720.76 m470 4.805
1 2721.83 m170 5.304
2 2723.85 a80  7.701
2 2725.44 m26 1.00
1 2726.32 m26 4.796
2 2727.44 m470 4.872
1 2727.78 m410 5.869
1 2732.06 m85 6.445
1 2732.92 m70 4.535
2 2733.34 m30 6.835
2 2735.26 m100 5.740
1 2736.25 m310 4.779
2 2739.26 m210 5.226
2 2740.70 m30 6.651
1 2741.17 m150 5.669
1 2742.92 m26 5.877
1 2743.59 m210 4.767
1 2746.68 m510 5.210
2 2746.83 m120 6.462
1 2747.25 m85 1.00
1 2747.85 m30 5.905
1 2748.78 m1200 5.001
1 2749.83 m860 5.711
2 2750.41 m70 5.979
1 2752.30 m150 5.829
2 2752.49 m410 4.831
2 2757.26 m70 6.071
1 2758.31 m1000 4.743
2 2759.06 m70 5.339
2 2761.68 m430 4.616
2 2763.37 m110 4.485
2 2768.09 m50 4.872
2 2771.82 m70 6.701
1 2774.88 m100 6.375
2 2775.11 m130 5.127
1 2775.11 a58  5.824
2 2775.35 m35 6.721
1 2775.88 m770 4.465
2 2776.71 m26 6.600
2 2778.82 m50 6.142
1 2779.10 m100 4.951
1 2779.70 m50 5.669
2 2780.34 m100 4.586
1 2781.37 m100 5.660
1 2781.79 m26 5.813
2 2784.97 m150 5.152
2 2786.77 m60 4.775
1 2787.69 m390 5.594
1 2788.30 m130 5.195
2 2789.15 m50 6.573
1 2789.77 m50 5.960
1 2790.71 m100 4.933
2 2791.37 m140 5.101
1 2791.67 m120 5.192
2 2793.86 m50 4.831
2 2795.20 m50 6.010
1 2796.34 m680 4.682
1 2796.56 m75 5.669
2 2797.76 m680 4.558
1 2798.40 m190 4.921
2 2798.72 a59  5.901
2 2799.27 a61  6.721
1 2800.57 m50 5.943
1 2802.07 m380 4.915
1 2804.76 m50 5.169
1 2806.30 m430 5.169
1 2806.58 m510 4.666
1 2810.92 m140 5.926
2 2811.70 m70 6.701
2 2814.31 m100 5.171
1 2814.80 m95 5.156
1 2815.01 m95 4.652
1 2815.12 m95 5.155
2 2817.10 m260 5.101
1 2817.50 m50 5.725
2 2819.14 m45 5.725
1 2819.37 m95 4.888
1 2821.99 m50 7.661
1 2824.81 m45 5.905
1 2826.18 m70 5.743
1 2826.42 m35 5.711
1 2827.18 m95 5.081
2 2827.47 m95 6.192
2 2827.59 m95 4.778
2 2828.58 m150 8.259
2 2829.79 m35 4.928
2 2832.70 m70 5.223
1 2833.64 m170 5.611
1 2834.41 m70 5.610
1 2836.62 m35 4.370
1 2837.94 m50 5.725
2 2838.23 m85 6.332
2 2840.39 m75 1.00
1 2842.82 m260 5.754
2 2843.51 m70 6.614
1 2844.24 a80  5.683
1 2844.25 m640 5.108
2 2844.46 m290 4.485
1 2844.76 m170 1.00
1 2845.35 m290 5.053
1 2845.84 m35 5.108
1 2846.75 m70 6.009
1 2848.05 m150 5.555
1 2848.52 m560 4.843
1 2849.82 m100 5.743
1 2850.49 m1500 1.00
2 2850.98 m1900 6.155
1 2850.98 m1900 5.045
2 2852.36 m60 6.600
2 2856.69 m70 5.901
2 2857.28 m100 6.467
1 2857.28 m100 5.541
2 2858.44 m220 4.997
2 2860.88 m60 5.180
1 2861.12 m50 5.085
1 2861.98 m360 5.541
1 2864.50 m150 6.201
2 2865.32 m75 6.462
1 2866.14 m70  1.00
2 2867.41 m100 6.552
1 2868.65 m310 4.812
1 2871.42 m470 4.566
1 2873.36 m270 4.314
2 2873.56 a85  6.614
1 2873.56 m260 4.805
1 2874.14 a67  6.750
1 2874.17 m210 5.065
1 2876.11 m140 5.520
2 2877.05 m85 5.979
2 2877.69 m100 5.509
2 2879.05 m70 5.152
1 2879.52 m35 5.960
1 2879.74 m120 4.796
1 2880.02 m380 5.001
1 2881.23 m35 5.505
2 2881.60 a85  4.962
2 2882.33 m35 5.509
2 2885.40 m85 4.997
1 2889.38 a56  6.445
2 2890.25 m75 4.616
2 2890.26 a66  5.959
1 2891.04 m85 5.943
1 2891.84 m770 4.535
1 2894.15 m100 5.520
1 2895.10 m140 5.877
1 2896.41 m35  1.00
1 2898.42 m35 6.185
1 2899.04 m260 4.767
2 2899.20 a90  7.359
1 2900.36 m170 5.477
2 2900.75 m60 5.848
1 2901.05 m45 5.476
2 2901.87 a90  5.862
1 2902.05 m560 5.926
1 2904.07 m150 5.594
2 2905.24 m170 4.778
1 2908.91 m170 5.586
2 2912.41 a90  5.927
1 2913.32 m35 4.951
2 2913.45 m35 5.101
1 2914.12 m210 5.611
2 2914.73 a90  7.745
1 2914.94 m26 5.610
1 2915.34 m170 5.609
1 2915.49 m310 4.743
1 2917.12 m35 5.001
2 2917.56 m35 5.930
2 2918.96 m95 6.383
2 2922.13 m35 6.192
1 2922.84 m70  1.00
2 2922.85 m70  1.00
1 2925.19 m410 4.990
1 2925.28 a55  5.754
1 2925.66 m35 5.473
1 2926.46 m100 4.988
1 2930.99 m35 5.824
1 2932.70 m310 5.743
1 2933.55 m1700 4.225
1 2934.85 m70 5.427
2 2938.02 m35 6.519
1 2938.43 m35 5.813
1 2939.28 m150 5.611
1 2940.06 m470 5.541
1 2940.10  a55  5.610
1 2940.22 m1200 4.216
1 2941.37 m150 5.869
1 2941.50 m60 1.00
1 2942.14 m240 4.704
1 2943.77 m35 1.00
2 2945.59  a49  6.508
1 2945.69 m35 5.725
1 2946.91 m150 5.353
1 2947.80 a54   5.352
2 2949.92 m35 6.010
2 2951.90 m510 6.149
1 2951.92 m510 4.448
2 2952.99 m100 5.399
1 2953.56 m340 4.894
2 2955.32 m100 7.419
2 2956.84 m120 6.142
1 2957.60 m170 4.888
2 2957.88 m35 5.399
1 2963.06 m35 5.541
1 2963.32 m1500 4.432
1 2963.91 m120 5.329
2 2964.02 a45  5.979
2 2965.13 m770 4.180
1 2965.54 m770 4.429
2 2965.92 m95 4.179
2 2968.28 m35 5.635
2 2969.04 a45  7.037
1 2969.47 m340 4.666
1 2969.90 m70 5.829
2 2974.54 a46  5.848
1 2975.56 m430 4.657
1 2976.10 m85 5.312
2 2976.26 m85 5.740
1 2976.76 m60 1.00
2 2976.99 a45  5.739
2 2978.20 m100 6.417
1 2978.75 m170 1.00
1 2981.19 m60 5.361
1 2984.36 m60 5.301
2 2986.81 m120 4.477
1 2988.58 m190 5.473
1 2989.05 m60 5.541
1 2989.50 m190 4.896
1 2991.25 m100 4.896
2 2999.38 m70 5.930
1 3001.54 m50 5.725
2 3002.98 m35 5.809
1 3004.15 m70 5.329
2 3004.92 m75 5.326
1 3006.56 m40 5.718
2 3010.80 m110 4.778
1 3011.12 m180 5.772
1 3011.88 m210 4.812
2 3012.55 m1800 4.775
1 3016.37 m70 5.503
1 3019.67 m60 5.499
1 3024.08 a45  5.754
1 3024.09 m90 4.796
1 3025.16 m180 5.301
1 3027.48 m290 5.611
2 3027.61 m290 5.891
1 3028.78 m90 5.329
1 3030.29 m110 4.843
2 3037.50 m110 4.928
2 3040.70 m40 4.778
1 3040.98 m75 1.00
2 3042.06 m290 4.586
2 3042.44 m110 5.533
1 3043.92 m75 5.397
1 3045.96 m110 5.725
1 3048.86 m180 4.315
1 3049.56 m530 4.314
1 3050.10 m110 4.816
2 3056.62 m75 6.192
2 3057.22 m110 5.862
1 3058.64 m140 4.805
1 3060.29 m140 4.542
1 3063.56 m180 4.743
1 3063.88 m40 1.00
1 3069.24 m530 5.555
1 3073.39 m60 5.391
1 3076.38 m40 4.779
1 3078.23 m140 4.779
1 3079.96 m110 5.541
1 3081.85 m180 4.774
1 3085.54 m170 5.343
1 3087.53 m140 4.767
2 3087.76 m60 5.223
1 3092.06 m30 5.156
1 3092.44 m180 5.155
1 3092.99 m40 4.704
1 3093.87 m150 5.210
1 3095.39 m180 5.660
2 3101.03 m75 5.456
1 3103.25 m560 3.994
1 3104.42 m40 5.230
1 3107.21 m75 5.192
2 3110.81 m40 1.00
1 3113.90 m100 1.00
1 3115.86 m75 4.227
1 3117.44 m150 4.225
1 3119.59 m75 5.299
1 3120.92 m40 5.329
1 3124.97 m380 4.216
2 3127.76 m150 5.171
1 3127.865 a65  3.963
1 3129.55 m60 5.108
1 3129.95 m110 4.657
1 3130.58 m380 5.353
1 3132.64 m270 4.448
1 3133.55 m40 5.192
2 3133.89 m75 4.616
2 3135.89 m180 5.528
1 3135.89 m180 5.156
2 3137.44 m60 5.152
2 3142.96 m60 5.152
1 3147.37 m75 5.594
1 3148.04 m140 5.085
1 3150.85 m40 5.081
2 3155.25 m40 4.775
2 3156.76 m40 5.399
2 3157.96 m75 4.586
1 3159.05 m40 5.441
1 3162.72 m75 5.156
1 3163.13 m140 5.155
1 3163.82 m70 5.065
1 3167.53 m75 4.666
2 3168.18 m70 5.862
1 3168.265 a76  3.912
1 3170.29 m320 4.401
1 3172.87 m75 5.301
1 3173.59 m270 3.906
1 3176.29 m200 4.652
1 3178.16 m140 4.597
1 3178.27 m140 4.652
1 3180.95 m600 3.897
1 3181.69 m110 5.106
1 3182.57 m110 4.645
1 3184.55 m240 4.645
1 3191.16 m120 5.210
1 3192.25 m75 1.00
1 3198.67 m200 4.367
1 3201.98 m40 5.108
1 3205.471 a55  4.116
1 3206.39 m150 4.563
1 3207.85 m45 5.258
2 3213.91 m200 4.558
1 3216.93 m150 4.606
1 3221.32 m75 5.085
1 3223.83 m300 4.542
1 3227.32 m180 4.988
1 3229.24 m230 1.00
2 3229.88 m85 5.635
1 3230.86 m120 5.353
1 3234.69 m85 5.987
1 3235.870 a56  3.830
1 3236.40 m40  1.00
1 3239.99 m70 5.343
2 3240.94 m120 4.485
1 3242.05 m200 4.315
1 3242.83 m200 4.314
1 3248.52 m40 5.210
1 3250.36 m40 4.566
1 3260.18 m70 3.802
2 3274.95 m210 4.179
2 3275.68 m85 4.485
1 3279.29 m70 4.990
1 3280.255 a5  4.028
1 3280.87 m70 4.988
1 3292.48 m30 5.001
1 3293.93 m40  1.00
1 3295.33 m140 5.155
1 3299.77 m120 4.506
1 3304.38 m70 4.988
1 3309.78 m75 3.994
1 3311.16 m1100 4.440
1 3317.93 m210 4.227
1 3318.53 m70 4.432
1 3318.84 m680 3.984
2 3330.99 m330  1.0
1 3331.02 m330 5.238
1 3332.41 m85 4.867
1 3337.80 m70 3.963
1 3338.49 m85 4.465
2 3339.91 m130 4.558
1 3343.47 m30 5.169
2 3349.21 m130 5.509
1 3350.96 m90 5.354
1 3351.51 m130 4.908
1 3358.47 m230 5.085
1 3361.64 m170 5.343
1 3362.53 m40 4.896
1 3366.66 m45  1.0
1 3369.28 m110 4.429
1 3371.54 m640 4.168
1 3376.05 m130 4.908
2 3376.47 m45 5.800
1 3378.453 a2  3.918
2 3379.52 m140 4.179
1 3383.835 a3  3.912
1 3385.05 m360 4.153
1 3387.46 m40 5.053
1 3388.82 m40 4.805
1 3398.33 m230 3.897
2 3406.66 m170 4.485
1 3406.94 m450 3.638
1 3412.89 m90 4.779
2 3414.14 m140 4.477
2 3417.03 m45 3.627
1 3419.75 m75 4.116
1 3424.45 m140 4.370
1 3426.73 m90 4.370
1 3430.94 m180 1.00
1 3434.50 m75 4.812
1 3436.00 m140 5.001
2 3440.24 m90 5.400
1 3440.615 a1 3.852
1 3445.10 m45 4.835
1 3445.91 m70 5.505
2 3446.91 m75 5.171
1 3447.29 m90 4.743
1 3463.77 m230 3.578
1 3472.52 m45 5.725
1 3473.90 m45 4.805
1 3477.22 m45 5.473
1 3477.45 m100 4.774
1 3480.52 m490 4.314
1 3484.62 m45 3.557
1 3488.847 a11 3.802
1 3490.93 m75 4.908
1 3497.85 m380 3.793
1 3502.50 m75 4.933
1 3502.87 m130 4.896
1 3503.87 m240 4.774
1 3504.98 m130 4.028
1 3505.18 m75 5.053
1 3511.04 m490 4.227
1 3513.61 m200 4.990
1 3527.06 m55 4.908
1 3528.61 m75 5.108
1 3531.58 m150 4.657
1 3532.21 m40 4.867
1 3536.30 m75 4.652
1 3540.82 m55 1.00
2 3541.88 m100 3.627
1 3549.05 m120 3.984
1 3553.42 m55 3.488
1 3557.98 m55 5.001
1 3564.79 m55 4.835
1 3566.72 m180 4.225
1 3570.728  a123 3.963
1 3571.85 m150 4.796
2 3573.42 m65 4.928
1 3573.44 m150 6.150
1 3584.21 m110 4.606
1 3584.51 m85 5.053
1 3586.29 m150 4.153
1 3595.64 m150 4.805
1 3602.48 m55 4.835
1 3607.41 m750 3.685
1 3617.302  a12 3.918
1 3625.24 m55 4.116
1 3626.62 m980 3.909
1 3633.75 m55 1.00
1 3642.06 m500 4.100
1 3653.39 m40 4.988
1 3653.83 m21 5.301
1 3656.89 m40 1.00
1 3657.27 m60 5.045
1 3657.49 m60 3.638
1 3658.78 m85 5.825
1 3661.69 m65 4.779
2 3662.34 m65 4.586
1 3667.82 m35  1.00
1 3674.83 m65 4.767
1 3675.12 m35 4.835
1 3681.04 m40 5.023
1 3681.24 m40  1.00
1 3683.06 m60  1.00
1 3686.18 m100 4.566
1 3689.73 m100 4.563
1 3693.05 m75 4.951
2 3694.50 m60 5.152
1 3695.38 m60 4.816
1 3701.34 m21 4.743
1 3710.79 m17 1.00
1 3723.07 m40 3.578
1 3731.02 m130 3.322
1 3736.76 m140 4.779
1 3746.36 m130 1.00
1 3754.52 m110 3.793
1 3755.11 m75 4.448
1 3757.75 m23 4.535
1 3759.75 m45 3.297
1 3760.21 m23 4.506
1 3762.11 m45 4.652
1 3770.52 m40 1.00
1 3770.93 m45 3.984
1 3777.10 m110 4.429
1 3784.25 m19 4.028
1 3792.02 m110 3.269
1 3823.60 m95 3.994
1 3826.17 m40 4.835
1 3826.85 m85 3.488
1 3828.95 m95 4.563
2 3830.00 m35 1.00
2 3833.74 m210 3.627
1 3836.60 m65 3.722
1 3839.03 m85 4.432
1 3844.04 m40 1.00
1 3846.64 m40 4.370
1 3848.05 m100 3.918
1 3849.42 m40  1.00
1 3858.572 a11 3.909
1 3859.80 m40 4.448
1 3861.026 a11  3.963
1 3879.303 a12  3.444
1 3885.20 m100 4.652
1 3893.03 m19 4.779
1 3898.78 m35  1.00
1 3909.33 m65  1.00
1 3912.13 m40 5.304
1 3912.44 m40 5.819
1 3918.51 m210 3.163
1 3919.47 m40  1.00
2 3922.44 m55 4.007
1 3922.78 m140 3.912
1 3922.92 m140 4.370
1 3930.94 m65 3.906
1 3936.55 m40 4.666
1 3937.84 m85 4.743
1 3942.24 m19 3.897
1 3952.16 m65 5.045
1 3954.29 m40 1.00
1 3956.57 m65 4.370
1 3956.82 m19  1.00
1 3959.73 m28 1.00
1 3970.10 m210 3.122
1 3979.28 m65 4.440
2 3980.99 m19 4.586
1 3981.95 m85 5.085
1 3983.82 m19 4.315
1 3984.98 m17 4.314
1 3988.70 m85 4.465
1 3990.40 m40 6.150
1 3996.17 m210 3.852
1 3999.28 m100 3.852
1 4003.70 m65 3.793
1 4006.84 m190 3.343
1 4007.23 m35 5.065
1 4012.11 m65 5.467
1 4013.19 m65 4.606
1 4015.237 a11 3.578
1 4026.94 m190 3.830
1 4029.94 m140 4.401
1 4030.675  a11 3.567
1 4033.07 m85 4.535
1 4033.38 m19 5.451
1 4033.63 m17 3.322
1 4035.89 m65 4.429
1 4039.63 m35 4.216
1 4040.87 m120 3.764
1 4041.06 m85 3.067
1 4058.46 m65 4.448
1 4061.40 m410 3.802
1 4064.63 m210 3.802
1 4067.24 m100 3.297
1 4067.91 m310 3.296
1 4073.00 m40 4.951
1 4079.19 m65 5.270
1 4081.13 m19 5.192
1 4085.80 m40 5.169
1 4091.26 m40 5.001
2 4095.53 m19 4.485
1 4097.19 m40 3.722
1 4105.02 m120 3.269
1 4114.77 m19 4.216
1 4118.07 m19  1.00
1 4123.17 m55 4.880
1 4127.88 m85 3.494
1 4129.38 m210 3.251
1 4136.20 m230 3.488
1 4147.89 m230 3.685
1 4161.00 m75   1.00
1 4175.21 m210 4.116
2 4176.93 m75 4.775
1 4176.99 m75 4.563
1 4177.92 m100 4.429
1 4181.15 m130 4.168
1 4191.20 m85 3.707
1 4193.10 m55 4.314
1 4205.88 m300 3.439
1 4206.40 m120 5.102
1 4228.61 m95 4.448
1 4232.94 m35  1.00
2 4235.93 m55 6.010
1 4243.99 m28 4.315
1 4245.35 m130 4.314
1 4268.26 m130 4.812
1 4271.51 m65 4.227
1 4279.06 m95 2.897
1 4286.38 m65 5.270
1 4294.36 m55 4.542
1 4302.98 m160 4.028
1 4314.52 m95 3.122
1 4318.81 m65 4.465
1 4319.259  a23 3.567
1 4322.68 m65  1.00
1 4329.57 m85 4.835
1 4336.20 m35 5.825
1 4344.31 m85 5.476
1 4355.14 m110 5.658
1 4360.83 m45 4.168
1 4364.84 m45 1.00
1 4369.35 m55 4.432
1 4374.21 m28 4.429
1 4375.14 m45 4.805
1 4376.31 m28 5.270
1 4377.98 m28 5.929
1 4378.82 m100 3.322
1 4381.88 m23 5.453
1 4386.07 m150 3.578
1 4398.45 m110 3.067
1 4402.50 m180 3.963
1 4415.74 m130 3.557
1 4419.233 a15 3.296
1 4419.55 m45 3.557
1 4424.96 m35 5.361
1 4430.41 m65 4.315
1 4431.09 m35 3.494
1 4432.98 m40 4.704
1 4441.03 m55 4.028
1 4441.68 m75 4.116
1 4450.72 m75 4.440
1 4451.87 m19 3.994
1 4459.76 m95 5.157
1 4473.52 m95 3.918
1 4480.93 m45 5.867
1 4482.955 a13 3.912
1 4491.902 a14 3.963
1 4494.97 m40 5.467
1 4496.50 m40 3.006
1 4510.98 m360 3.445
1 4511.50 m75 3.444
1 4514.181 a15 4.401
1 4521.09 m55 3.439
1 4521.71 m35 5.451
1 4527.50 m65 5.513
1 4530.85 m190 3.488
1 4547.15 m28 3.963
1 4551.95 m130 3.214
1 4553.69 m45 4.116
1 4556.35 m85 4.114
1 4559.46 m45 4.314
1 4561.48 m17 2.967
1 4565.85 m170 3.918
1 4566.86 m28 5.929
1 4573.29 m45 4.227
1 4574.31 m340 2.710
1 4580.69 m28 3.909
1 4583.17 m19 3.852
1 4601.42 m40 4.666
1 4602.19 m45 3.897
1 4604.28 m17 5.473
1 4604.85 m35 5.658
1 4619.51 m26 3.830
1 4622.96 m30 5.503
1 4624.84 m17 5.361
1 4633.06 m45 3.912
1 4661.12 m85 4.315
1 4669.14 m130 3.802
1 4681.88 m450 2.897
1 4684.87 m45 3.343
1 4685.27 m40 3.793
1 4688.84 m19 4.779
1 4691.90 m130 3.852
1 4693.35 m85 5.453
1 4701.32 m65 3.994
1 4706.09 m65 4.028
1 4722.88 m45 2.624
1 4730.12 m85 4.216
1 4738.35 m27 5.513
1 4740.16 m150 3.852
1 4745.93 m40 4.767
1 4756.51 m220 3.097
1 4758.03 m45 3.963
1 4768.98 m120 4.116
1 4779.039  a15  3.830
1 4780.94 m85 3.918
1 4782.050 a18 3.802
1 4786.64 m21 3.793
1 4812.75 m220 2.575
1 4819.53 m85 4.227
1 4825.43 m85 3.963
1 4832.18 m55 3.802
1 4846.45 m65 5.658
1 4852.17 m30 3.912
1 4867.045 a19  3.297
1 4871.70 m19 3.297
1 4879.14 m13 5.505
1 4881.94 m11 3.897
1 4883.95 m75 3.685
1 4904.59 m65 4.401
1 4907.73 m40 2.775
1 4910.867 a34 3.918
1 4914.96 m30 2.522
1 4917.036 a23 4.116
1 4920.11 m110 4.114
1 4920.899  a45 3.722
1 4921.27 m100 3.269
1 4923.47 m20 3.214
1 4924.96 m25 4.652
1 4926.00 m110 3.269
1 4936.42 m150 4.028
1 4937.63 m50 4.666
1 4958.11 m18  1.00
1 4968.53 m25 5.270
1 4969.69 m45 3.852
1 4972.06 m18 4.401
1 4976.20 m25 3.638
1 4994.218 a23 3.685
1 5012.52 m75 3.830
1 5037.37 m200 4.116
1 5037.66 m90 2.710
1 5043.32 m90 3.852
1 5044.42 m18 5.238
1 5058.70 m25 4.606
1 5058.868  a11 3.912
1 5067.87 m100 3.963
1 5069.881 a11  4.100
1 5076.37 m45 4.597
1 5082.25 m30 3.764
1 5087.37 m65 3.830
1 5090.71 m90 3.638
1 5095.27 m40 4.028
1 5098.387 a44 3.578
2 5109.36 m25 3.627
1 5109.77 m20 3.123
1 5115.84 m110 5.718
1 5117.25 m40 5.867
1 5132.12 m45 5.513
1 5136.47 m30 3.163
1 5141.62 m100 3.163
1 5143.69 m100 3.557
1 5147.62 m75 3.802
1 5148.78 m25 4.563
1 5150.87 m25 4.315
1 5153.42 m75 2.897
1 5156.56 m330 3.101
1 5161.81 m75 3.638
1 5163.65 m65 3.097
1 5166.79 m25 3.994
1 5171.63 m20 3.722
1 5180.98 m40 5.102
1 5188.93 m20 3.984
1 5193.99 m20 4.542
1 5206.26 m20 4.225
1 5212.74 m110 2.378
1 5218.45 m110 2.624
1 5218.66 m110 3.578
1 5230.80 m40 3.122
1 5233.449  a44  3.830
1 5235.39 m30 3.963
2 5237.53 m30 4.180
1 5244.78 m18 3.567
1 5275.02 m30 3.707
1 5279.82 m18 4.483
1 5281.02 m18 3.557
1 5293.399  a43 3.578
1 5295.01 m90 3.488
1 5318.67 m40 5.453
1 5328.38 m75 2.575
1 5336.13 m30 3.918
1 5341.05 m140 2.812
1 5342.25 m25 3.557
1 5349.09 m50 3.067
1 5349.57 m50 3.912
1 5354.68 m65 3.067
1 5365.95 m15 4.465
1 5373.01 m20 1.00
1 5388.51 m25 5.867
1 5389.30 m90 2.549
1 5395.99 m40 3.444
1 5397.56 m25 4.432
1 5402.51 m200 2.294
1 5403.54 m13 4.168
1 5404.96 m45 4.429
1 5405.80 m13 4.448
1 5408.78 m30 5.072
1 5410.55 m18 3.494
1 5413.48 m25 3.040
1 5419.19 m130 3.040
1 5431.66 m23 4.933
1 5435.27 m65 3.638
1 5446.240 a23 3.793
1 5458.41 m25 4.894
1 5461.29 m90 2.967
1 5471.56 m13 1.00 
1 5475.57 m30 5.045
1 5478.080 a23 3.918
1 5481.16 m15 5.157
1 5483.43 m20 5.157
1 5490.11 m40 1.00
1 5494.78 m20 3.006
1 5499.44 m50 3.909
1 5500.68 m18 3.006
1 5505.66 m20 3.488
1 5516.27 m15  1.00
1 5518.91 m90 4.401
1 5521.15 m9  4.805
1 5523.98 m10 5.513
1 5528.36 m13 2.734
1 5530.894  a43 3.444
1 5545.14 m10 3.830
1 5545.371 a44  3.439
1 5548.32 m20 4.370
1 5567.580 a44 4.100
1 5581.365 a45 3.578
1 5584.02 m30 5.658
1 5598.75 m15 5.658
1 5599.52 m30 5.658
1 5605.50 m9 4.367
1 5617.71 m9 5.102
1 5620.68 m40 3.722
1 5628.20 m13 5.453
1 5635.71 m20 3.557
1 5640.18 m40 3.793
1 5645.91 m150 3.343
1 5654.773 a11 4.100
1 5664.90 m130 2.437
1 5688.25 m30 4.315
1 5699.24 m40 3.322
1 5704.31 m15 4.796
1 5706.28 m25 5.270
1 5715.24 m30 3.494
1 5716.53 m8 3.685
1 5730.488 a11 3.557
1 5746.71 m23 5.453
1 5755.81 m30 5.380
1 5761.61 m15 5.157
1 5766.56 m25 3.297
1 5767.91 m30 3.296
1 5771.93 m10 5.270
1 5776.77 m130 2.896
1 5780.02 m25 4.704
1 5780.71 m90 2.897
1 5811.10 m130 2.624
1 5816.51 m25 5.453
1 5842.827 a45 3.269
1 5843.94 m45 3.331
1 5848.84 a67 3.445
1 5849.68 m13 3.444
1 5849.966 a45 3.322
1 5865.848  a45 3.439
1 5866.61 m15 4.736
1 5877.36 m240 3.764
1 5882.30 m130 5.023
1 5901.91 m90 3.494
1 5916.51 m30 3.557
1 5918.95 m90 3.331
1 5922.337 a88 3.296
1 5925.90 m15 4.227
1 5930.62 m15 3.685
1 5931.05 m23 5.157
1 5931.68 m20 4.225
1 5935.54 m18 5.053
1 5939.76 m130 3.297
1 5944.02 m240 3.322
1 5951.78 m25 6.949
1 5960.13 m18 5.045
1 5997.23 m190 3.722
1 6009.89 m25 5.102
1 6012.558  a89 3.578
1 6015.90 m25 4.216
1 6020.72 m100 3.269
1 6045.39 m250 3.444
1 6047.25 m100 3.567
1 6053.64 m25 3.251
1 6090.82 m30 5.157
1 6092.06 m18 4.867
1 6101.58 m100 4.812
1 6106.485 a78 3.685
1 6140.07 m25 5.270
1 6144.56 m65 3.343
1 6152.54 m30 5.453
1 6154.50 m130 3.251
1 6158.84 m40 4.168
1 6167.348 a45 3.918
1 6170.46 m15 5.453
1 6189.66 m15 4.835
1 6193.11 m15 4.652
1 6208.37 m25 5.155
1 6249.79 m40 3.578
1 6256.68 m150 2.734
1 6258.724  a88 4.116
1 6268.70 m150 3.494
1 6278.34 m50 4.597
1 6281.33 m65 3.331
1 6287.36 m15 4.652
1 6287.91 m40 3.488
1 6289.34 m40 3.296
1 6309.06 m50 4.880
1 6309.58 m150 3.322
2 6311.50  a89 5.456
1 6312.22 m25 5.053
1 6325.08 m75 2.710
1 6332.91 m50 2.710
1 6341.17 m65 4.736
1 6346.02 m30 3.163
1 6356.14 m75 3.097
1 6360.84 m65 3.343
2 6369.04  a90 3.627
1 6373.06 m40 4.767
2 6374.86  a23 1.00
1 6379.07 m15 5.238
1 6389.45 m90 4.563
1 6392.21 m23 3.297
2 6405.76 a24  4.778
1 6428.60 m65 3.322
1 6430.79 m250 3.444
1 6434.545 a45  3.163
1 6437.36 m13  1.00
1 6444.61 m40 4.483
1 6445.87 m30 4.888
1 6450.36 m200 3.439
1 6455.83 m20 3.067
1 6459.92 m30 3.122
1 6485.37 m380 3.567
1 6486.04 a23 3.269
2 6496.20  a34 1.00
2 6500.81  a45  5.783
1 6502.43 m18 2.155
1 6505.52 m65 4.465
1 6514.39 m100 3.297
1 6516.10 m100 3.296
2 6534.22  a56  5.806
1 6561.60 m25 3.214
1 6564.26 m25 4.448
2 6567.94  a54 1.00
1 6574.84 m100 3.122
1 6577.157 a57  3.793
1 6585.13 m10 4.704
1 6587.16 m15 4.563
2 6597.09 a56  4.778
2 6598.80 a58 1.00
1 6611.95 m110 3.269
1 6621.30 m75 2.624
1 6662.24 m15 4.483
1 6673.73 m100 3.067
1 6675.53 m180 3.251
1 6684.00 m30 4.535
1 6693.61 m15 4.767
1 6702.966 a54  3.444
1 6706.46 m15 3.722
1 6709.39 m25 4.812
2 6711.75 a45  4.775
1 6714.44 m10 5.072
1 6723.61 m15 4.666
2 6736.86  a78 1.00
1 6740.73 m75 3.494
1 6754.91 m40 5.157
1 6755.85 m13 3.297
1 6770.37 m13 4.796
1 6771.74 m75 3.067
1 6774.25 m40 3.040
1 6788.99 m40 3.343
1 6790.06 m13 4.915
1 6799.27 m13 2.575
1 6810.46 m40 4.736
1 6813.25 m160 2.967
1 6819.36 m20 4.440
1 6824.96 m18 4.597
1 6832.00 m13 4.465
1 6833.296  a11  3.722
1 6850.83 m15 4.432
1 6865.13 m15 3.163
1 6866.23 m210 3.322
1 6875.27 m180 3.040
1 6877.49 m40 4.483
1 6896.77 m15 3.123
1 6900.55 m40 5.023
1 6902.10 m150 3.006
1 6927.38 m140 3.445
1 6928.54 m140 3.444
1 6939.33 m8 5.081
1 6946.87 m20 4.465
1 6951.26 m65 3.439
1 6953.88 m45 3.918
1 6966.13 m180 3.296
1 6969.49 m8 4.401
1 6971.31 m8 4.743
1 6971.53 m9 4.429
1 6983.52 m23 4.597
1 6995.22 m110 3.097
1 6995.35 m110 2.522
1 7000.21 m20 4.736
1 7005.07 m40 2.522
1 7006.96 m75 3.006
1 7025.03 m50 3.122
1 7031.51 m13 3.918
1 7039.07 m40 4.542
1 7081.30 m15 4.666
1 7085.40 m20 2.897
1 7093.02 m23 3.343
1 7108.05 m8 4.566
1 7117.52 m15 4.888
1 7121.27 m20 4.563
1 7125.72 m40 2.231
1 7148.63 m150 3.251
1 7172.90 m110 3.122
1 7191.35 m13 4.767
1 7233.45 m8  1.00
1 7250.27 m30 3.067
1 7264.82 m11 4.796
1 7272.29 m6  1.00
1 7276.96 m30 3.097
1 7277.54 m5 4.535
1 7286.36 m9 3.163
1 7296.32 m13 1.00
1 7301.74 m140 3.214
1 7319.84 m20 2.897
1 7322.72 m11 3.567
1 7325.95 m13 4.315
1 7340.19 m11 4.370
1 7346.37 a45  3.343
1 7346.41 m160 2.437
1 7352.86 m140 2.896
1 7356.96 m100 2.437
1 7369.09 m90 3.040
1 7407.89 m160 3.067
1 7435.19 m11 4.894
1 7440.17 m23 4.812
1 7467.75 m30 2.897
1 7486.01 m23 4.216
2 7510.64  a11  5.127
1 7520.56 m30 3.006
1 7569.23 m6 3.793
1 7590.22 m9 4.465
2 7606.07 a12 1.00
1 7649.52 m6 4.401
1 7722.02 m11 3.122
2 7733.92 a33  1.00
1 7763.11 m11 1.00
1 7779.67 m9 4.153
2 7813.40  a45 1.00
1 7842.76 m20 3.097
1 7882.37 m100 2.967
1 7950.19 m30 3.214
1 7952.07 m5  1.00
1 7998.75 m6 3.685
1 8022.09 m6 4.168
1 8026.50 m75 2.294
1 8029.04 m5 3.006
1 8039.08 m15 2.294
1 8053.93 m8 2.897
1 8068.98 m15 3.444
1 8100.11 m5 2.734
1 8128.76 m13 4.440
1 8158.54 m9 4.563
1 8180.74 m5 1.00
1 8248.95 m13 2.897
1 8264.85 m20 2.710
1 8281.62 m75 2.734
1 8389.06 m11 4.100
1 8415.73 m5 2.710
1 8447.62 m25 3.123
1 8550.49 m11 2.967
1 8575.92 m15 3.101
1 8595.84 m10 3.097
1 8932.66  a45  2.624
