2 2025.51 m300   6.12
2 2061.91 m1000  6.01
1 2138.56 m1000  5.80
2 2210.16 c6     0.00
2 2390.04 c10    0.00
1 2393.81  0     9.25
1 2449.72  5     9.13
1 2463.47  20    9.11
1 2469.38  10    9.05
1 2479.74  20    9.00
1 2491.48  30    9.00
1 2493.32  20    9.05
2 2502.00 c7    10.98
1 2515.81 a1     9.00
1 2530.09  10    8.90
1 2542.32  30    8.90
2 2557.96 c8    10.97
1 2567.80  30    8.90
1 2569.87 a8     8.83
1 2582.44 a7     8.83
1 2582.49 a1     8.83
1 2600.94  4     8.82
1 2608.56 a30    8.83
1 2608.64 a5     8.83
1 2670.53 a2     8.64
1 2684.16 a6     8.64
1 2712.49 a10    8.64
1 2756.45 m3     8.50
1 2770.87 m6     8.50
1 2770.98 m6     8.50
1 2781.23 c20    8.52
1 2800.87 m9     8.50
1 2801.06 m9     8.50
1 3018.35 a30    8.11
1 3035.78 a35    8.11
1 3072.06 m10    8.11
1 3075.90 m26    4.03
1 3282.33 m20    7.78
1 3302.59 m90    7.78
1 3302.94 m28    7.78
2 3345.02 m140   7.78
1 3345.57 m30    7.78
1 3345.93 m6     7.78
2 3624.07 c1     0.00
2 3639.53 c6     0.00
2 3683.47 c12    0.00
2 3739.99 c1     0.00
2 3793.91 c1     0.00
1 3799.00 a3     9.06
1 3883.34 a3     8.99
1 3965.43 a15    8.92
2 3989.23 c24    0.00
2 4057.71 c12    0.00
1 4113.21 a12    8.81
1 4292.89 a8     6.92
1 4298.33 a6     8.68
1 4629.81 a12    8.47
1 4680.14 m40    6.66
1 4722.16 m100   6.66
1 4810.53 m140   6.66
1 5182.00 a30    8.18
1 5308.65 a3     8.98
1 5310.24 a2     8.98
1 5311.02 a1     8.98
3 5606.91 c1 37.205
3 5614.12 c1 37.202
3 5617.46 c1 29.193
3 5618.60 c1 29.120
3 5619.95 c1 29.193
3 5623.65 c1 29.214
3 5628.18 c1 37.197
3 5658.41 c1 29.550
3 5663.96 c1 29.330
3 5678.40 c1 29.193
3 5685.60 c1 29.214
3 5685.93 c1 29.214
3 5700.58 c1 29.534
3 5712.64 c1 29.447
3 5713.75 c1 37.556
3 5717.34 c1 37.211
3 5718.19 c1 37.211
3 5719.40 c1 37.209
3 5726.41 c1 37.551
3 5726.48 c1 37.208
3 5727.63 c1 37.206
3 5729.89 c1 37.205
3 5730.51 c1 37.211
3 5731.37 c1 37.211
3 5736.40 c1 37.209
3 5737.42 c1 37.202
3 5737.52 c1 37.205
3 5739.69 c1 37.208
3 5740.49 c1 37.546
3 5741.57 c1 29.193
3 5742.69 c1 37.202
3 5743.29 c1 37.201
3 5744.67 c1 37.206
3 5745.07 c1 37.202
3 5746.62 c1 37.544
3 5752.11 c1 37.197
3 5755.99 c1 37.202
3 5757.81 c1 29.390
3 5759.80 c1 37.197
3 5770.97  c1 37.546
1 5772.102 c1 8.802
3 5775.34  c1 29.060
1 5775.501 c1 8.801
1 5777.112 c1 8.800
3 5783.26 c1 37.211
3 5786.20 c1 37.551
3 5789.25 c1 37.209
3 5792.61 c1 37.208
3 5797.68 c1 37.206
3 5800.00 c1 37.205
3 5800.57 c1 37.546
3 5807.72 c1 37.202
3 5811.26 c1 29.120
3 5814.88 c1 29.550
3 5817.42 c1 37.556
3 5826.77 c1 37.209
3 5827.45 c1 37.211
3 5829.83 c1 37.211
3 5830.55 c1 37.551
3 5830.72 c1 37.211
3 5833.54 c1 37.209
3 5835.31 c1 37.206
3 5835.92 c1 37.209
3 5836.95 c1 37.208
3 5837.66 c1 37.205
3 5839.33 c1 37.208
3 5840.77 c1 37.551
3 5842.10 c1 37.206
3 5844.45 c1 37.205
3 5844.49 c1 37.206
3 5845.14 c1 37.546
3 5845.48 c1 37.202
3 5851.50 c1 37.544
2 5851.60 c1 14.140
3 5851.95 c1 29.214
3 5852.29 c1 37.202
3 5855.41 c1 37.546
3 5856.20 c1 37.202
3 5860.73 c1 37.197
3 5866.51 c1 29.390
3 5873.78 c1 29.120
3 5883.28 c1 29.550
3 5889.59 c1 29.464
2 5894.33 c1 8.114
3 5908.46 c1 29.084
3 5911.25 c1 29.193
3 5928.89 c1 29.534
3 5937.13 c1 29.447
3 5976.27 c1 29.060
3 5980.96 c1 28.964
2 6021.18 c1 14.626
3 6039.38 c1 29.330
2 6044.69 c1 14.072
3 6045.30 c1 29.060
3 6045.52 c1 28.964
3 6045.92 c1 29.084
3 6046.29 c1 29.084
3 6059.30 c1 29.464
3 6081.45 c1 29.120
2 6102.49 c1 14.629
3 6103.50 c1 29.390
2 6111.53 c1 14.626
3 6116.95 c1 29.060
3 6123.28 c1 29.120
3 6133.61 c1 29.464
3 6146.89 c1 29.214
2 6185.11 c1 16.868
3 6185.18 c1 29.447
2 6210.44 c1 16.869
2 6212.33 c1 16.868
2 6214.61 c1 8.114
3 6232.73 c1 37.197
1 6237.90 c1 7.783
1 6239.17 c1 7.782
3 6264.91 c1 29.120
3 6266.05 c1 28.964
3 6269.16 c1 28.964
3 6272.18 c1 29.214
3 6285.95 c1 29.390
3 6309.91 c1 29.060
3 6340.37 c1 29.193
3 6341.98 c1 28.964
1 6362.34 m120 7.744
3 6365.96 c1 29.390
2 6386.88 c1 16.567
2 6396.98 c1 16.567
2 6398.23 c1 16.476
2 6398.48 c1 16.476
2 6401.67 c1 16.475
3 6420.87 c1 28.964
2 6435.39 c1 16.790
2 6464.86 c1 16.790
3 6472.42 c1 29.193
1 6479.18 c1 8.830
2 6483.10 c1 16.451
2 6483.34 c1 16.451
3 6497.16 c1 37.205
3 6506.84 c1 37.202
3 6525.74 c1 37.197
3 6570.21 c1 29.084
3 6633.82 c1 28.964
3 6654.18 c1 29.060
3 6684.61 c1 29.214
3 6713.57 c1 29.084
3 6727.48 c1 29.120
3 6762.11 c1 29.193
3 6794.23 c1 37.211
3 6800.38 c1 28.964
3 6801.26 c1 29.060
3 6802.51 c1 37.209
3 6807.14 c1 37.208
3 6814.15 c1 37.206
3 6817.35 c1 37.205
2 6825.9 c1 16.445
2 6831.2 c1 16.441
2 6842.32 c1 16.441
3 6860.39 c1 37.205
3 6887.05 c1 37.209
3 6892.27 c1 37.197
3 6898.98 c1 37.206
3 6902.27 c1 37.205
3 6904.08 c1 29.214
3 6913.20 c1 37.202
2 6920.62 c1 16.417
1 6928.319 c1 8.444
3 6934.54 c1 37.197
1 6938.472 c1 8.441
3 6941.32 c1 37.211
1 6943.202 c1 8.440
3 6949.96 c1 37.209
3 6954.80 c1 37.208
3 6962.11 c1 37.206
3 6964.49 c1 37.209
3 6965.46 c1 37.205
3 6976.59 c1 37.202
3 6976.69 c1 37.206
3 6980.05 c1 37.205
3 6986.78 c1 29.193
3 6991.23 c1 37.202
3 7000.72 c1 29.214
3 7013.05 c1 37.197
3 7041.01 c1 29.120
3 7085.77 c1 29.193
2 7130.46 c1 15.934
2 7220.615 c1 15.913
3 7288.91 c1 29.060
3 7348.86 c1 28.964
3 7392.61 c1 29.120
3 7442.69 c1 29.084
2 7478.8 c1 7.777
3 7550.62 c1 29.060
2 7588.5 c1 12.598
2 7612.9 c1 14.196
3 7666.37 c1 29.060
2 7694.87 c1 16.475
3 7724.60 c1 28.964
2 7732.39 c1 16.476
2 7732.5 c1 12.568
2 7737.05 c1 16.475
2 7757.9 c1 14.196
1 7799.365 c1 8.506
3 8019.16 c1 28.964
3 8149.84 c1 28.964
2 8339.11 c1 16.351
2 8388.67 c1 16.351

