0,	183.328,	0
1,	183.332,	12
2,	183.337,	10
3,	183.341,	31
4,	183.346,	27
5,	183.351,	31
6,	183.355,	26
7,	183.360,	31
8,	183.364,	12
9,	183.369,	9
10,	183.374,	33
11,	183.378,	44
12,	183.383,	53
13,	183.387,	24
14,	183.392,	20
15,	183.397,	34
16,	183.401,	20
17,	183.406,	-2
18,	183.410,	32
19,	183.415,	4
20,	183.420,	-2
21,	183.424,	49
22,	183.429,	9
23,	183.433,	14
24,	183.438,	3
25,	183.443,	1
26,	183.447,	9
27,	183.452,	15
28,	183.456,	11
29,	183.461,	16
30,	183.465,	28
31,	183.470,	20
32,	183.475,	19
33,	183.479,	49
34,	183.484,	17
35,	183.488,	5
36,	183.493,	4
37,	183.498,	-1
38,	183.502,	26
39,	183.507,	50
40,	183.511,	10
41,	183.516,	22
42,	183.521,	52
43,	183.525,	38
44,	183.530,	27
45,	183.534,	28
46,	183.539,	34
47,	183.544,	9
48,	183.548,	1
49,	183.553,	13
50,	183.557,	12
51,	183.562,	12
52,	183.567,	50
53,	183.571,	45
54,	183.576,	55
55,	183.580,	33
56,	183.585,	2
57,	183.590,	0
58,	183.594,	33
59,	183.599,	-1
60,	183.603,	21
61,	183.608,	2
62,	183.612,	21
63,	183.617,	26
64,	183.622,	0
65,	183.626,	22
66,	183.631,	2
67,	183.635,	17
68,	183.640,	39
69,	183.645,	14
70,	183.649,	44
71,	183.654,	11
72,	183.658,	0
73,	183.663,	13
74,	183.668,	22
75,	183.672,	79
76,	183.677,	-3
77,	183.681,	-5
78,	183.686,	61
79,	183.691,	41
80,	183.695,	32
81,	183.700,	13
82,	183.704,	66
83,	183.709,	13
84,	183.714,	62
85,	183.718,	34
86,	183.723,	103
87,	183.727,	83
88,	183.732,	16
89,	183.736,	9
90,	183.741,	56
91,	183.746,	37
92,	183.750,	-1
93,	183.755,	5
94,	183.759,	30
95,	183.764,	90
96,	183.769,	24
97,	183.773,	52
98,	183.778,	53
99,	183.782,	43
100,	183.787,	2
101,	183.792,	39
102,	183.796,	60
103,	183.801,	50
104,	183.805,	7
105,	183.810,	36
106,	183.815,	23
107,	183.819,	-5
108,	183.824,	19
109,	183.828,	27
110,	183.833,	24
111,	183.838,	22
112,	183.842,	52
113,	183.847,	44
114,	183.851,	9
115,	183.856,	22
116,	183.860,	25
117,	183.865,	-6
118,	183.870,	29
119,	183.874,	21
120,	183.879,	0
121,	183.883,	29
122,	183.888,	78
123,	183.893,	16
124,	183.897,	14
125,	183.902,	2
126,	183.906,	56
127,	183.911,	87
128,	183.916,	30
129,	183.920,	65
130,	183.925,	21
131,	183.929,	41
132,	183.934,	48
133,	183.939,	7
134,	183.943,	52
135,	183.948,	71
136,	183.952,	25
137,	183.957,	1
138,	183.962,	102
139,	183.966,	110
140,	183.971,	13
141,	183.975,	23
142,	183.980,	76
143,	183.985,	95
144,	183.989,	18
145,	183.994,	0
146,	183.998,	126
147,	184.003,	97
148,	184.007,	28
149,	184.012,	33
150,	184.017,	100
151,	184.021,	27
152,	184.026,	46
153,	184.030,	14
154,	184.035,	58
155,	184.040,	36
156,	184.044,	35
157,	184.049,	27
158,	184.053,	16
159,	184.058,	9
160,	184.063,	7
161,	184.067,	17
162,	184.072,	46
163,	184.076,	53
164,	184.081,	-2
165,	184.086,	5
166,	184.090,	12
167,	184.095,	15
168,	184.099,	8
169,	184.104,	-6
170,	184.109,	30
171,	184.113,	13
172,	184.118,	43
173,	184.122,	46
174,	184.127,	59
175,	184.131,	11
176,	184.136,	-3
177,	184.141,	34
178,	184.145,	50
179,	184.150,	33
180,	184.154,	-4
181,	184.159,	43
182,	184.164,	36
183,	184.168,	26
184,	184.173,	74
185,	184.177,	10
186,	184.182,	16
187,	184.187,	73
188,	184.191,	0
189,	184.196,	28
190,	184.200,	96
191,	184.205,	112
192,	184.210,	22
193,	184.214,	-4
194,	184.219,	53
195,	184.223,	52
196,	184.228,	15
197,	184.233,	2
198,	184.237,	30
199,	184.242,	88
200,	184.246,	9
201,	184.251,	-1
202,	184.255,	75
203,	184.260,	80
204,	184.265,	65
205,	184.269,	40
206,	184.274,	58
207,	184.278,	30
208,	184.283,	-3
209,	184.288,	20
210,	184.292,	21
211,	184.297,	45
212,	184.301,	-5
213,	184.306,	-1
214,	184.311,	26
215,	184.315,	26
216,	184.320,	28
217,	184.324,	20
218,	184.329,	28
219,	184.334,	45
220,	184.338,	41
221,	184.343,	24
222,	184.347,	10
223,	184.352,	5
224,	184.357,	26
225,	184.361,	40
226,	184.366,	45
227,	184.370,	17
228,	184.375,	28
229,	184.379,	12
230,	184.384,	19
231,	184.389,	36
232,	184.393,	-3
233,	184.398,	24
234,	184.402,	23
235,	184.407,	20
236,	184.412,	28
237,	184.416,	6
238,	184.421,	55
239,	184.425,	28
240,	184.430,	29
241,	184.435,	32
242,	184.439,	41
243,	184.444,	66
244,	184.448,	17
245,	184.453,	1
246,	184.458,	49
247,	184.462,	23
248,	184.467,	41
249,	184.471,	5
250,	184.476,	32
251,	184.481,	19
252,	184.485,	6
253,	184.490,	4
254,	184.494,	2
255,	184.499,	19
256,	184.504,	44
257,	184.508,	35
258,	184.513,	45
259,	184.517,	15
260,	184.522,	11
261,	184.526,	34
262,	184.531,	48
263,	184.536,	62
264,	184.540,	24
265,	184.545,	32
266,	184.549,	22
267,	184.554,	76
268,	184.559,	47
269,	184.563,	22
270,	184.568,	80
271,	184.572,	33
272,	184.577,	28
273,	184.582,	20
274,	184.586,	42
275,	184.591,	34
276,	184.595,	10
277,	184.600,	34
278,	184.605,	29
279,	184.609,	14
280,	184.614,	-3
281,	184.618,	-3
282,	184.623,	65
283,	184.628,	35
284,	184.632,	24
285,	184.637,	33
286,	184.641,	52
287,	184.646,	27
288,	184.650,	-2
289,	184.655,	-3
290,	184.660,	29
291,	184.664,	88
292,	184.669,	8
293,	184.673,	29
294,	184.678,	79
295,	184.683,	107
296,	184.687,	19
297,	184.692,	26
298,	184.696,	111
299,	184.701,	75
300,	184.706,	24
301,	184.710,	10
302,	184.715,	69
303,	184.719,	74
304,	184.724,	0
305,	184.729,	67
306,	184.733,	51
307,	184.738,	34
308,	184.742,	6
309,	184.747,	-2
310,	184.752,	34
311,	184.756,	73
312,	184.761,	48
313,	184.765,	40
314,	184.770,	91
315,	184.774,	50
316,	184.779,	20
317,	184.784,	11
318,	184.788,	106
319,	184.793,	113
320,	184.797,	35
321,	184.802,	41
322,	184.807,	107
323,	184.811,	149
324,	184.816,	125
325,	184.820,	101
326,	184.825,	127
327,	184.830,	119
328,	184.834,	74
329,	184.839,	62
330,	184.843,	128
331,	184.848,	91
332,	184.853,	37
333,	184.857,	24
334,	184.862,	82
335,	184.866,	95
336,	184.871,	65
337,	184.876,	20
338,	184.880,	92
339,	184.885,	38
340,	184.889,	64
341,	184.894,	11
342,	184.898,	13
343,	184.903,	92
344,	184.908,	11
345,	184.912,	25
346,	184.917,	83
347,	184.921,	100
348,	184.926,	42
349,	184.931,	82
350,	184.935,	166
351,	184.940,	191
352,	184.944,	184
353,	184.949,	198
354,	184.954,	238
355,	184.958,	247
356,	184.963,	202
357,	184.967,	231
358,	184.972,	251
359,	184.977,	310
360,	184.981,	348
361,	184.986,	274
362,	184.990,	399
363,	184.995,	415
364,	185.000,	386
365,	185.004,	328
366,	185.009,	400
367,	185.013,	341
368,	185.018,	297
369,	185.023,	286
370,	185.027,	222
371,	185.032,	165
372,	185.036,	111
373,	185.041,	113
374,	185.045,	92
375,	185.050,	69
376,	185.055,	37
377,	185.059,	73
378,	185.064,	94
379,	185.068,	120
380,	185.073,	117
381,	185.078,	236
382,	185.082,	421
383,	185.087,	924
384,	185.091,	3002
385,	185.096,	3692
386,	185.101,	3700
387,	185.105,	3706
388,	185.110,	3617
389,	185.114,	3625
390,	185.119,	3722
391,	185.124,	3679
392,	185.128,	3635
393,	185.133,	3674
394,	185.137,	3681
395,	185.142,	3709
396,	185.147,	3629
397,	185.151,	3615
398,	185.156,	3696
399,	185.160,	3714
400,	185.165,	3677
401,	185.169,	3620
402,	185.174,	3697
403,	185.179,	3689
404,	185.183,	3630
405,	185.188,	3671
406,	185.192,	3696
407,	185.197,	3706
408,	185.202,	3631
409,	185.206,	3616
410,	185.211,	3605
411,	185.215,	2786
412,	185.220,	1917
413,	185.225,	1315
414,	185.229,	827
415,	185.234,	477
416,	185.238,	293
417,	185.243,	255
418,	185.248,	237
419,	185.252,	288
420,	185.257,	255
421,	185.261,	343
422,	185.266,	455
423,	185.271,	629
424,	185.275,	762
425,	185.280,	929
426,	185.284,	1002
427,	185.289,	1050
428,	185.293,	1015
429,	185.298,	1022
430,	185.303,	1071
431,	185.307,	1193
432,	185.312,	1241
433,	185.316,	1288
434,	185.321,	1309
435,	185.326,	1276
436,	185.330,	1126
437,	185.335,	1068
438,	185.339,	938
439,	185.344,	865
440,	185.349,	686
441,	185.353,	618
442,	185.358,	582
443,	185.362,	607
444,	185.367,	597
445,	185.372,	589
446,	185.376,	671
447,	185.381,	697
448,	185.385,	654
449,	185.390,	553
450,	185.395,	528
451,	185.399,	493
452,	185.404,	390
453,	185.408,	314
454,	185.413,	371
455,	185.417,	319
456,	185.422,	205
457,	185.427,	175
458,	185.431,	139
459,	185.436,	147
460,	185.440,	77
461,	185.445,	77
462,	185.450,	97
463,	185.454,	133
464,	185.459,	47
465,	185.463,	103
466,	185.468,	115
467,	185.473,	163
468,	185.477,	135
469,	185.482,	226
470,	185.486,	312
471,	185.491,	441
472,	185.496,	543
473,	185.500,	776
474,	185.505,	955
475,	185.509,	1058
476,	185.514,	1256
477,	185.519,	1620
478,	185.523,	2090
479,	185.528,	2547
480,	185.532,	2901
481,	185.537,	2973
482,	185.542,	2913
483,	185.546,	2508
484,	185.551,	2016
485,	185.555,	1540
486,	185.560,	1268
487,	185.564,	1020
488,	185.569,	880
489,	185.574,	734
490,	185.578,	690
491,	185.583,	593
492,	185.587,	477
493,	185.592,	410
494,	185.597,	447
495,	185.601,	375
496,	185.606,	426
497,	185.610,	403
498,	185.615,	414
499,	185.620,	391
500,	185.624,	368
501,	185.629,	288
502,	185.633,	318
503,	185.638,	337
504,	185.643,	313
505,	185.647,	264
506,	185.652,	320
507,	185.656,	295
508,	185.661,	217
509,	185.666,	180
510,	185.670,	171
511,	185.675,	168
512,	185.679,	105
513,	185.684,	119
514,	185.688,	139
515,	185.693,	144
516,	185.698,	84
517,	185.702,	81
518,	185.707,	172
519,	185.711,	189
520,	185.716,	169
521,	185.721,	194
522,	185.725,	253
523,	185.730,	320
524,	185.734,	324
525,	185.739,	395
526,	185.744,	449
527,	185.748,	418
528,	185.753,	434
529,	185.757,	431
530,	185.762,	352
531,	185.767,	367
532,	185.771,	316
533,	185.776,	299
534,	185.780,	392
535,	185.785,	403
536,	185.790,	389
537,	185.794,	430
538,	185.799,	528
539,	185.803,	558
540,	185.808,	500
541,	185.812,	509
542,	185.817,	603
543,	185.822,	589
544,	185.826,	602
545,	185.831,	588
546,	185.835,	717
547,	185.840,	694
548,	185.845,	730
549,	185.849,	760
550,	185.854,	813
551,	185.858,	821
552,	185.863,	752
553,	185.868,	855
554,	185.872,	922
555,	185.877,	903
556,	185.881,	870
557,	185.886,	856
558,	185.891,	901
559,	185.895,	3188
560,	185.900,	3635
561,	185.904,	3686
562,	185.909,	3697
563,	185.914,	3703
564,	185.918,	3622
565,	185.923,	3612
566,	185.927,	3714
567,	185.932,	3722
568,	185.937,	3642
569,	185.941,	3627
570,	185.946,	3705
571,	185.950,	3729
572,	185.955,	3674
573,	185.959,	3700
574,	185.964,	3729
575,	185.969,	3727
576,	185.973,	3715
577,	185.978,	3655
578,	185.982,	3684
579,	185.987,	3743
580,	185.992,	3626
581,	185.996,	3694
582,	186.001,	3677
583,	186.005,	3690
584,	186.010,	3693
585,	186.015,	3645
586,	186.019,	3660
587,	186.024,	3650
588,	186.028,	3687
589,	186.033,	3674
590,	186.038,	3683
591,	186.042,	3740
592,	186.047,	3689
593,	186.051,	3634
594,	186.056,	3718
595,	186.061,	3709
596,	186.065,	2981
597,	186.070,	2413
598,	186.074,	1933
599,	186.079,	1476
600,	186.083,	1116
601,	186.088,	919
602,	186.093,	738
603,	186.097,	536
604,	186.102,	432
605,	186.106,	344
606,	186.111,	351
607,	186.116,	343
608,	186.120,	336
609,	186.125,	258
610,	186.129,	311
611,	186.134,	269
612,	186.139,	268
613,	186.143,	217
614,	186.148,	288
615,	186.152,	230
616,	186.157,	181
617,	186.162,	172
618,	186.166,	235
619,	186.171,	248
620,	186.175,	184
621,	186.180,	204
622,	186.185,	193
623,	186.189,	224
624,	186.194,	162
625,	186.198,	140
626,	186.203,	141
627,	186.207,	115
628,	186.212,	66
629,	186.217,	96
630,	186.221,	110
631,	186.226,	104
632,	186.230,	100
633,	186.235,	76
634,	186.240,	102
635,	186.244,	93
636,	186.249,	114
637,	186.253,	58
638,	186.258,	109
639,	186.263,	113
640,	186.267,	85
641,	186.272,	92
642,	186.276,	97
643,	186.281,	94
644,	186.286,	101
645,	186.290,	104
646,	186.295,	78
647,	186.299,	73
648,	186.304,	35
649,	186.309,	48
650,	186.313,	84
651,	186.318,	107
652,	186.322,	45
653,	186.327,	41
654,	186.331,	84
655,	186.336,	101
656,	186.341,	64
657,	186.345,	84
658,	186.350,	106
659,	186.354,	102
660,	186.359,	46
661,	186.364,	66
662,	186.368,	99
663,	186.373,	74
664,	186.377,	62
665,	186.382,	6
666,	186.387,	80
667,	186.391,	77
668,	186.396,	42
669,	186.400,	14
670,	186.405,	66
671,	186.410,	56
672,	186.414,	27
673,	186.419,	72
674,	186.423,	42
675,	186.428,	76
676,	186.433,	28
677,	186.437,	89
678,	186.442,	86
679,	186.446,	73
680,	186.451,	70
681,	186.456,	98
682,	186.460,	98
683,	186.465,	89
684,	186.469,	91
685,	186.474,	59
686,	186.478,	95
687,	186.483,	94
688,	186.488,	88
689,	186.492,	53
690,	186.497,	88
691,	186.501,	87
692,	186.506,	74
693,	186.511,	14
694,	186.515,	36
695,	186.520,	41
696,	186.524,	49
697,	186.529,	24
698,	186.534,	88
699,	186.538,	71
700,	186.543,	20
701,	186.547,	53
702,	186.552,	84
703,	186.557,	101
704,	186.561,	30
705,	186.566,	99
706,	186.570,	117
707,	186.575,	88
708,	186.580,	92
709,	186.584,	112
710,	186.589,	62
711,	186.593,	110
712,	186.598,	66
713,	186.602,	96
714,	186.607,	80
715,	186.612,	91
716,	186.616,	15
717,	186.621,	83
718,	186.625,	108
719,	186.630,	73
720,	186.635,	92
721,	186.639,	0
722,	186.644,	59
723,	186.648,	72
724,	186.653,	41
725,	186.658,	36
726,	186.662,	51
727,	186.667,	53
728,	186.671,	8
729,	186.676,	25
730,	186.681,	25
731,	186.685,	37
732,	186.690,	-1
733,	186.694,	3
734,	186.699,	77
735,	186.704,	89
736,	186.708,	19
737,	186.713,	69
738,	186.717,	88
739,	186.722,	86
740,	186.726,	20
741,	186.731,	95
742,	186.736,	93
743,	186.740,	98
744,	186.745,	49
745,	186.749,	64
746,	186.754,	78
747,	186.759,	80
748,	186.763,	116
749,	186.768,	85
750,	186.772,	100
751,	186.777,	86
752,	186.782,	70
753,	186.786,	23
754,	186.791,	79
755,	186.795,	84
756,	186.800,	-4
757,	186.805,	56
758,	186.809,	34
759,	186.814,	56
760,	186.818,	66
761,	186.823,	40
762,	186.828,	19
763,	186.832,	26
764,	186.837,	24
765,	186.841,	30
766,	186.846,	71
767,	186.850,	87
768,	186.855,	34
769,	186.860,	78
770,	186.864,	90
771,	186.869,	100
772,	186.873,	70
773,	186.878,	24
774,	186.883,	71
775,	186.887,	127
776,	186.892,	25
777,	186.896,	53
778,	186.901,	107
779,	186.906,	107
780,	186.910,	43
781,	186.915,	81
782,	186.919,	103
783,	186.924,	89
784,	186.929,	76
785,	186.933,	27
786,	186.938,	95
787,	186.942,	86
788,	186.947,	48
789,	186.952,	28
790,	186.956,	108
791,	186.961,	108
792,	186.965,	14
793,	186.970,	11
794,	186.975,	104
795,	186.979,	48
796,	186.984,	18
797,	186.988,	76
798,	186.993,	65
799,	186.997,	95
800,	187.002,	35
801,	187.007,	-2
802,	187.011,	50
803,	187.016,	42
804,	187.020,	3
805,	187.025,	21
806,	187.030,	58
807,	187.034,	30
808,	187.039,	39
809,	187.043,	6
810,	187.048,	74
811,	187.053,	113
812,	187.057,	70
813,	187.062,	43
814,	187.066,	94
815,	187.071,	75
816,	187.076,	62
817,	187.080,	95
818,	187.085,	117
819,	187.089,	54
820,	187.094,	58
821,	187.099,	59
822,	187.103,	85
823,	187.108,	64
824,	187.112,	20
825,	187.117,	80
826,	187.121,	77
827,	187.126,	71
828,	187.131,	72
829,	187.135,	20
830,	187.140,	115
831,	187.144,	110
832,	187.149,	42
833,	187.154,	10
834,	187.158,	100
835,	187.163,	75
836,	187.167,	18
837,	187.172,	90
838,	187.177,	71
839,	187.181,	88
840,	187.186,	32
841,	187.190,	62
842,	187.195,	47
843,	187.200,	81
844,	187.204,	42
845,	187.209,	1
846,	187.213,	46
847,	187.218,	61
848,	187.223,	12
849,	187.227,	-3
850,	187.232,	73
851,	187.236,	69
852,	187.241,	23
853,	187.245,	38
854,	187.250,	77
855,	187.255,	62
856,	187.259,	34
857,	187.264,	36
858,	187.268,	113
859,	187.273,	78
860,	187.278,	94
861,	187.282,	47
862,	187.287,	97
863,	187.291,	113
864,	187.296,	65
865,	187.301,	23
866,	187.305,	95
867,	187.310,	111
868,	187.314,	63
869,	187.319,	58
870,	187.324,	103
871,	187.328,	80
872,	187.333,	61
873,	187.337,	126
874,	187.342,	84
875,	187.347,	135
876,	187.351,	110
877,	187.356,	122
878,	187.360,	115
879,	187.365,	117
880,	187.370,	85
881,	187.374,	96
882,	187.379,	138
883,	187.383,	146
884,	187.388,	106
885,	187.392,	119
886,	187.397,	141
887,	187.402,	145
888,	187.406,	93
889,	187.411,	142
890,	187.415,	123
891,	187.420,	126
892,	187.425,	92
893,	187.429,	61
894,	187.434,	78
895,	187.438,	106
896,	187.443,	33
897,	187.448,	14
898,	187.452,	52
899,	187.457,	29
900,	187.461,	55
901,	187.466,	45
902,	187.471,	58
903,	187.475,	108
904,	187.480,	48
905,	187.484,	112
906,	187.489,	119
907,	187.494,	103
908,	187.498,	24
909,	187.503,	48
910,	187.507,	100
911,	187.512,	133
912,	187.516,	93
913,	187.521,	154
914,	187.526,	260
915,	187.530,	313
916,	187.535,	388
917,	187.539,	607
918,	187.544,	796
919,	187.549,	665
920,	187.553,	351
921,	187.558,	185
922,	187.562,	188
923,	187.567,	155
924,	187.572,	190
925,	187.576,	126
926,	187.581,	204
927,	187.585,	193
928,	187.590,	198
929,	187.595,	275
930,	187.599,	222
931,	187.604,	225
932,	187.608,	179
933,	187.613,	96
934,	187.618,	161
935,	187.622,	202
936,	187.627,	199
937,	187.631,	161
938,	187.636,	224
939,	187.640,	213
940,	187.645,	166
941,	187.650,	152
942,	187.654,	142
943,	187.659,	141
944,	187.663,	108
945,	187.668,	97
946,	187.673,	135
947,	187.677,	156
948,	187.682,	111
949,	187.686,	90
950,	187.691,	95
951,	187.696,	119
952,	187.700,	16
953,	187.705,	78
954,	187.709,	61
955,	187.714,	82
956,	187.719,	26
957,	187.723,	9
958,	187.728,	98
959,	187.732,	82
960,	187.737,	54
961,	187.742,	102
962,	187.746,	119
963,	187.751,	112
964,	187.755,	77
965,	187.760,	47
966,	187.764,	93
967,	187.769,	98
968,	187.774,	42
969,	187.778,	86
970,	187.783,	119
971,	187.787,	107
972,	187.792,	97
973,	187.797,	90
974,	187.801,	111
975,	187.806,	126
976,	187.810,	123
977,	187.815,	62
978,	187.820,	92
979,	187.824,	106
980,	187.829,	59
981,	187.833,	87
982,	187.838,	91
983,	187.843,	76
984,	187.847,	66
985,	187.852,	18
986,	187.856,	63
987,	187.861,	74
988,	187.866,	50
989,	187.870,	45
990,	187.875,	77
991,	187.879,	106
992,	187.884,	71
993,	187.889,	52
994,	187.893,	123
995,	187.898,	186
996,	187.902,	286
997,	187.907,	446
998,	187.911,	373
999,	187.916,	192
1000,	187.921,	121
1001,	187.925,	37
1002,	187.930,	96
1003,	187.934,	83
1004,	187.939,	30
1005,	187.944,	46
1006,	187.948,	83
1007,	187.953,	94
1008,	187.957,	20
1009,	187.962,	47
1010,	187.967,	59
1011,	187.971,	74
1012,	187.976,	66
1013,	187.980,	52
1014,	187.985,	65
1015,	187.990,	93
1016,	187.994,	67
1017,	187.999,	70
1018,	188.003,	84
1019,	188.008,	86
1020,	188.013,	79
1021,	188.017,	47
1022,	188.022,	88
1023,	188.026,	54
1024,	188.031,	39
1025,	188.035,	27
1026,	188.040,	73
1027,	188.045,	13
1028,	188.049,	31
1029,	188.054,	3
1030,	188.058,	8
1031,	188.063,	21
1032,	188.068,	56
1033,	188.072,	2
1034,	188.077,	23
1035,	188.081,	46
1036,	188.086,	0
1037,	188.091,	0
1038,	188.095,	32
1039,	188.100,	24
1040,	188.104,	15
1041,	188.109,	37
1042,	188.114,	30
1043,	188.118,	21
1044,	188.123,	21
1045,	188.127,	34
1046,	188.132,	49
1047,	188.137,	45
1048,	188.141,	4
1049,	188.146,	7
1050,	188.150,	51
1051,	188.155,	16
1052,	188.159,	-3
1053,	188.164,	-3
1054,	188.169,	18
1055,	188.173,	1
1056,	188.178,	61
1057,	188.182,	41
1058,	188.187,	50
1059,	188.192,	50
1060,	188.196,	1
1061,	188.201,	71
1062,	188.205,	35
1063,	188.210,	34
1064,	188.215,	10
1065,	188.219,	10
1066,	188.224,	29
1067,	188.228,	3
1068,	188.233,	40
1069,	188.238,	2
1070,	188.242,	21
1071,	188.247,	30
1072,	188.251,	41
1073,	188.256,	3
1074,	188.261,	-6
1075,	188.265,	24
1076,	188.270,	3
1077,	188.274,	41
1078,	188.279,	52
1079,	188.283,	44
1080,	188.288,	22
1081,	188.293,	35
1082,	188.297,	3
1083,	188.302,	-2
1084,	188.306,	40
1085,	188.311,	30
1086,	188.316,	57
1087,	188.320,	7
1088,	188.325,	-6
1089,	188.329,	8
1090,	188.334,	0
1091,	188.339,	18
1092,	188.343,	1
1093,	188.348,	7
1094,	188.352,	17
1095,	188.357,	21
1096,	188.362,	20
1097,	188.366,	-4
1098,	188.371,	40
1099,	188.375,	3
1100,	188.380,	34
1101,	188.385,	15
1102,	188.389,	71
1103,	188.394,	10
1104,	188.398,	44
1105,	188.403,	53
1106,	188.408,	35
1107,	188.412,	19
1108,	188.417,	0
1109,	188.421,	76
1110,	188.426,	76
1111,	188.430,	54
1112,	188.435,	48
1113,	188.440,	43
1114,	188.444,	26
1115,	188.449,	15
1116,	188.453,	8
1117,	188.458,	28
1118,	188.463,	34
1119,	188.467,	59
1120,	188.472,	11
1121,	188.476,	19
1122,	188.481,	80
1123,	188.486,	101
1124,	188.490,	90
1125,	188.495,	82
1126,	188.499,	92
1127,	188.504,	140
1128,	188.509,	30
1129,	188.513,	41
1130,	188.518,	88
1131,	188.522,	69
1132,	188.527,	8
1133,	188.532,	3
1134,	188.536,	92
1135,	188.541,	59
1136,	188.545,	36
1137,	188.550,	63
1138,	188.554,	85
1139,	188.559,	49
1140,	188.564,	4
1141,	188.568,	49
1142,	188.573,	95
1143,	188.577,	91
1144,	188.582,	69
1145,	188.587,	46
1146,	188.591,	37
1147,	188.596,	49
1148,	188.600,	15
1149,	188.605,	18
1150,	188.610,	36
1151,	188.614,	55
1152,	188.619,	24
1153,	188.623,	74
1154,	188.628,	16
1155,	188.633,	38
1156,	188.637,	11
1157,	188.642,	28
1158,	188.646,	29
1159,	188.651,	39
1160,	188.656,	28
1161,	188.660,	54
1162,	188.665,	71
1163,	188.669,	84
1164,	188.674,	64
1165,	188.678,	37
1166,	188.683,	65
1167,	188.688,	82
1168,	188.692,	76
1169,	188.697,	104
1170,	188.701,	195
1171,	188.706,	374
1172,	188.711,	511
1173,	188.715,	379
1174,	188.720,	133
1175,	188.724,	65
1176,	188.729,	1
1177,	188.734,	38
1178,	188.738,	83
1179,	188.743,	43
1180,	188.747,	30
1181,	188.752,	32
1182,	188.757,	10
1183,	188.761,	2
1184,	188.766,	24
1185,	188.770,	5
1186,	188.775,	50
1187,	188.780,	54
1188,	188.784,	63
1189,	188.789,	15
1190,	188.793,	47
1191,	188.798,	93
1192,	188.802,	7
1193,	188.807,	47
1194,	188.812,	74
1195,	188.816,	40
1196,	188.821,	34
1197,	188.825,	32
1198,	188.830,	17
1199,	188.835,	30
1200,	188.839,	0
1201,	188.844,	-4
1202,	188.848,	54
1203,	188.853,	36
1204,	188.858,	52
1205,	188.862,	39
1206,	188.867,	6
1207,	188.871,	49
1208,	188.876,	71
1209,	188.881,	-1
1210,	188.885,	55
1211,	188.890,	88
1212,	188.894,	92
1213,	188.899,	43
1214,	188.904,	152
1215,	188.908,	152
1216,	188.913,	105
1217,	188.917,	50
1218,	188.922,	48
1219,	188.927,	29
1220,	188.931,	37
1221,	188.936,	27
1222,	188.940,	75
1223,	188.945,	2
1224,	188.949,	30
1225,	188.954,	14
1226,	188.959,	36
1227,	188.963,	4
1228,	188.968,	0
1229,	188.972,	3
1230,	188.977,	28
1231,	188.982,	68
1232,	188.986,	86
1233,	188.991,	42
1234,	188.995,	99
1235,	189.000,	92
1236,	189.005,	39
1237,	189.009,	1
1238,	189.014,	44
1239,	189.018,	42
1240,	189.023,	70
1241,	189.028,	-4
1242,	189.032,	52
1243,	189.037,	67
1244,	189.041,	57
1245,	189.046,	-6
1246,	189.051,	107
1247,	189.055,	88
1248,	189.060,	22
1249,	189.064,	36
1250,	189.069,	108
1251,	189.073,	72
1252,	189.078,	18
1253,	189.083,	57
1254,	189.087,	101
1255,	189.092,	34
1256,	189.096,	79
1257,	189.101,	83
1258,	189.106,	42
1259,	189.110,	61
1260,	189.115,	-1
1261,	189.119,	24
1262,	189.124,	46
1263,	189.129,	32
1264,	189.133,	4
1265,	189.138,	31
1266,	189.142,	45
1267,	189.147,	64
1268,	189.152,	12
1269,	189.156,	3
1270,	189.161,	3
1271,	189.165,	17
1272,	189.170,	3
1273,	189.175,	13
1274,	189.179,	29
1275,	189.184,	57
1276,	189.188,	79
1277,	189.193,	60
1278,	189.197,	84
1279,	189.202,	70
1280,	189.207,	-7
1281,	189.211,	9
1282,	189.216,	58
1283,	189.220,	63
1284,	189.225,	20
1285,	189.230,	26
1286,	189.234,	64
1287,	189.239,	103
1288,	189.243,	99
1289,	189.248,	79
1290,	189.253,	110
1291,	189.257,	123
1292,	189.262,	93
1293,	189.266,	105
1294,	189.271,	76
1295,	189.276,	101
1296,	189.280,	29
1297,	189.285,	-6
1298,	189.289,	89
1299,	189.294,	50
1300,	189.299,	65
1301,	189.303,	21
1302,	189.308,	82
1303,	189.312,	91
1304,	189.317,	69
1305,	189.322,	86
1306,	189.326,	75
1307,	189.331,	94
1308,	189.335,	17
1309,	189.340,	29
1310,	189.344,	59
1311,	189.349,	78
1312,	189.354,	12
1313,	189.358,	37
1314,	189.363,	70
1315,	189.367,	94
1316,	189.372,	26
1317,	189.377,	5
1318,	189.381,	56
1319,	189.386,	109
1320,	189.390,	218
1321,	189.395,	347
1322,	189.400,	570
1323,	189.404,	883
1324,	189.409,	779
1325,	189.413,	434
1326,	189.418,	196
1327,	189.423,	139
1328,	189.427,	82
1329,	189.432,	139
1330,	189.436,	114
1331,	189.441,	87
1332,	189.446,	7
1333,	189.450,	-2
1334,	189.455,	62
1335,	189.459,	99
1336,	189.464,	2
1337,	189.468,	33
1338,	189.473,	95
1339,	189.478,	88
1340,	189.482,	11
1341,	189.487,	35
1342,	189.491,	92
1343,	189.496,	93
1344,	189.501,	10
1345,	189.505,	48
1346,	189.510,	70
1347,	189.514,	54
1348,	189.519,	9
1349,	189.524,	65
1350,	189.528,	102
1351,	189.533,	104
1352,	189.537,	121
1353,	189.542,	133
1354,	189.547,	97
1355,	189.551,	82
1356,	189.556,	18
1357,	189.560,	4
1358,	189.565,	68
1359,	189.570,	99
1360,	189.574,	40
1361,	189.579,	35
1362,	189.583,	57
1363,	189.588,	71
1364,	189.592,	64
1365,	189.597,	35
1366,	189.602,	86
1367,	189.606,	108
1368,	189.611,	-3
1369,	189.615,	16
1370,	189.620,	97
1371,	189.625,	101
1372,	189.629,	20
1373,	189.634,	31
1374,	189.638,	51
1375,	189.643,	6
1376,	189.648,	62
1377,	189.652,	57
1378,	189.657,	68
1379,	189.661,	90
1380,	189.666,	9
1381,	189.671,	53
1382,	189.675,	72
1383,	189.680,	80
1384,	189.684,	35
1385,	189.689,	44
1386,	189.694,	101
1387,	189.698,	109
1388,	189.703,	50
1389,	189.707,	31
1390,	189.712,	101
1391,	189.716,	108
1392,	189.721,	57
1393,	189.726,	124
1394,	189.730,	140
1395,	189.735,	111
1396,	189.739,	27
1397,	189.744,	32
1398,	189.749,	121
1399,	189.753,	101
1400,	189.758,	34
1401,	189.762,	100
1402,	189.767,	43
1403,	189.772,	46
1404,	189.776,	16
1405,	189.781,	7
1406,	189.785,	70
1407,	189.790,	93
1408,	189.795,	9
1409,	189.799,	36
1410,	189.804,	74
1411,	189.808,	91
1412,	189.813,	7
1413,	189.818,	67
1414,	189.822,	102
1415,	189.827,	75
1416,	189.831,	19
1417,	189.836,	45
1418,	189.841,	103
1419,	189.845,	53
1420,	189.850,	34
1421,	189.854,	25
1422,	189.859,	67
1423,	189.863,	89
1424,	189.868,	25
1425,	189.873,	46
1426,	189.877,	63
1427,	189.882,	97
1428,	189.886,	67
1429,	189.891,	25
1430,	189.896,	83
1431,	189.900,	52
1432,	189.905,	21
1433,	189.909,	4
1434,	189.914,	32
1435,	189.919,	16
1436,	189.923,	43
1437,	189.928,	35
1438,	189.932,	73
1439,	189.937,	98
1440,	189.942,	41
1441,	189.946,	19
1442,	189.951,	82
1443,	189.955,	96
1444,	189.960,	27
1445,	189.965,	37
1446,	189.969,	78
1447,	189.974,	117
1448,	189.978,	50
1449,	189.983,	33
1450,	189.987,	104
1451,	189.992,	83
1452,	189.997,	39
1453,	190.001,	6
1454,	190.006,	90
1455,	190.010,	72
1456,	190.015,	79
1457,	190.020,	42
1458,	190.024,	94
1459,	190.029,	37
1460,	190.033,	69
1461,	190.038,	-5
1462,	190.043,	80
1463,	190.047,	43
1464,	190.052,	36
1465,	190.056,	49
1466,	190.061,	45
1467,	190.066,	68
1468,	190.070,	48
1469,	190.075,	56
1470,	190.079,	69
1471,	190.084,	92
1472,	190.089,	114
1473,	190.093,	59
1474,	190.098,	79
1475,	190.102,	51
1476,	190.107,	22
1477,	190.111,	6
1478,	190.116,	56
1479,	190.121,	10
1480,	190.125,	19
1481,	190.130,	24
1482,	190.134,	7
1483,	190.139,	0
1484,	190.144,	8
1485,	190.148,	18
1486,	190.153,	35
1487,	190.157,	16
1488,	190.162,	15
1489,	190.167,	-1
1490,	190.171,	-1
1491,	190.176,	12
1492,	190.180,	37
1493,	190.185,	0
1494,	190.190,	3
1495,	190.194,	21
1496,	190.199,	-3
1497,	190.203,	7
1498,	190.208,	46
1499,	190.213,	67
1500,	190.217,	32
1501,	190.222,	9
1502,	190.226,	24
1503,	190.231,	60
1504,	190.235,	43
1505,	190.240,	17
1506,	190.245,	27
1507,	190.249,	43
1508,	190.254,	10
1509,	190.258,	32
1510,	190.263,	80
1511,	190.268,	24
1512,	190.272,	-4
1513,	190.277,	-5
1514,	190.281,	48
1515,	190.286,	30
1516,	190.291,	23
1517,	190.295,	14
1518,	190.300,	29
1519,	190.304,	21
1520,	190.309,	13
1521,	190.314,	-3
1522,	190.318,	8
1523,	190.323,	32
1524,	190.327,	31
1525,	190.332,	9
1526,	190.337,	32
1527,	190.341,	68
1528,	190.346,	42
1529,	190.350,	46
1530,	190.355,	89
1531,	190.360,	60
1532,	190.364,	70
1533,	190.369,	103
1534,	190.373,	208
1535,	190.378,	205
1536,	190.382,	25
1537,	190.387,	-5
1538,	190.392,	42
1539,	190.396,	47
1540,	190.401,	21
1541,	190.405,	5
1542,	190.410,	38
1543,	190.415,	26
1544,	190.419,	8
1545,	190.424,	-17
1546,	190.428,	52
1547,	190.433,	41
1548,	190.438,	-2
1549,	190.442,	61
1550,	190.447,	55
1551,	190.451,	95
1552,	190.456,	28
1553,	190.461,	32
1554,	190.465,	70
1555,	190.470,	78
1556,	190.474,	13
1557,	190.479,	3
1558,	190.484,	29
1559,	190.488,	55
1560,	190.493,	0
1561,	190.497,	80
1562,	190.502,	79
1563,	190.506,	90
1564,	190.511,	27
1565,	190.516,	3
1566,	190.520,	11
1567,	190.525,	34
1568,	190.529,	43
1569,	190.534,	8
1570,	190.539,	11
1571,	190.543,	22
1572,	190.548,	0
1573,	190.552,	2
1574,	190.557,	57
1575,	190.562,	53
1576,	190.566,	-4
1577,	190.571,	11
1578,	190.575,	85
1579,	190.580,	82
1580,	190.585,	73
1581,	190.589,	10
1582,	190.594,	36
1583,	190.598,	84
1584,	190.603,	29
1585,	190.608,	0
1586,	190.612,	61
1587,	190.617,	42
1588,	190.621,	22
1589,	190.626,	104
1590,	190.630,	45
1591,	190.635,	62
1592,	190.640,	67
1593,	190.644,	19
1594,	190.649,	78
1595,	190.653,	114
1596,	190.658,	83
1597,	190.663,	29
1598,	190.667,	101
1599,	190.672,	47
1600,	190.676,	-4
1601,	190.681,	11
1602,	190.686,	56
1603,	190.690,	12
1604,	190.695,	26
1605,	190.699,	55
1606,	190.704,	29
1607,	190.709,	51
1608,	190.713,	27
1609,	190.718,	30
1610,	190.722,	89
1611,	190.727,	97
1612,	190.732,	1
1613,	190.736,	-3
1614,	190.741,	100
1615,	190.745,	62
1616,	190.750,	7
1617,	190.754,	29
1618,	190.759,	118
1619,	190.764,	104
1620,	190.768,	76
1621,	190.773,	7
1622,	190.777,	69
1623,	190.782,	110
1624,	190.787,	13
1625,	190.791,	15
1626,	190.796,	104
1627,	190.800,	68
1628,	190.805,	0
1629,	190.810,	78
1630,	190.814,	89
1631,	190.819,	74
1632,	190.823,	4
1633,	190.828,	-2
1634,	190.833,	40
1635,	190.837,	46
1636,	190.842,	27
1637,	190.846,	2
1638,	190.851,	65
1639,	190.856,	3
1640,	190.860,	26
1641,	190.865,	3
1642,	190.869,	72
1643,	190.874,	89
1644,	190.879,	41
1645,	190.883,	45
1646,	190.888,	111
1647,	190.892,	89
1648,	190.897,	40
1649,	190.901,	13
1650,	190.906,	101
1651,	190.911,	55
1652,	190.915,	10
1653,	190.920,	38
1654,	190.924,	84
1655,	190.929,	111
1656,	190.934,	11
1657,	190.938,	15
1658,	190.943,	73
1659,	190.947,	89
1660,	190.952,	77
1661,	190.957,	71
1662,	190.961,	98
1663,	190.966,	93
1664,	190.970,	113
1665,	190.975,	22
1666,	190.980,	173
1667,	190.984,	217
1668,	190.989,	118
1669,	190.993,	53
1670,	190.998,	68
1671,	191.003,	94
1672,	191.007,	-1
1673,	191.012,	41
1674,	191.016,	50
1675,	191.021,	43
1676,	191.025,	3
1677,	191.030,	16
1678,	191.035,	35
1679,	191.039,	77
1680,	191.044,	13
1681,	191.048,	42
1682,	191.053,	96
1683,	191.058,	43
1684,	191.062,	77
1685,	191.067,	31
1686,	191.071,	94
1687,	191.076,	63
1688,	191.081,	52
1689,	191.085,	52
1690,	191.090,	116
1691,	191.094,	98
1692,	191.099,	36
1693,	191.104,	34
1694,	191.108,	81
1695,	191.113,	80
1696,	191.117,	10
1697,	191.122,	50
1698,	191.127,	102
1699,	191.131,	56
1700,	191.136,	38
1701,	191.140,	44
1702,	191.145,	121
1703,	191.149,	95
1704,	191.154,	27
1705,	191.159,	2
1706,	191.163,	100
1707,	191.168,	90
1708,	191.172,	47
1709,	191.177,	25
1710,	191.182,	84
1711,	191.186,	103
1712,	191.191,	18
1713,	191.195,	10
1714,	191.200,	62
1715,	191.205,	114
1716,	191.209,	106
1717,	191.214,	26
1718,	191.218,	98
1719,	191.223,	107
1720,	191.228,	30
1721,	191.232,	-4
1722,	191.237,	48
1723,	191.241,	69
1724,	191.246,	24
1725,	191.251,	13
1726,	191.255,	110
1727,	191.260,	105
1728,	191.264,	30
1729,	191.269,	37
1730,	191.274,	122
1731,	191.278,	117
1732,	191.283,	16
1733,	191.287,	41
1734,	191.292,	123
1735,	191.296,	122
1736,	191.301,	95
1737,	191.306,	98
1738,	191.310,	301
1739,	191.315,	550
1740,	191.319,	780
1741,	191.324,	1059
1742,	191.329,	1496
1743,	191.333,	1726
1744,	191.338,	1014
1745,	191.342,	411
1746,	191.347,	212
1747,	191.352,	162
1748,	191.356,	82
1749,	191.361,	64
1750,	191.365,	114
1751,	191.370,	126
1752,	191.375,	21
1753,	191.379,	58
1754,	191.384,	98
1755,	191.388,	110
1756,	191.393,	36
1757,	191.398,	95
1758,	191.402,	107
1759,	191.407,	120
1760,	191.411,	42
1761,	191.416,	65
1762,	191.420,	231
1763,	191.425,	328
1764,	191.430,	345
1765,	191.434,	487
1766,	191.439,	601
1767,	191.443,	425
1768,	191.448,	143
1769,	191.453,	42
1770,	191.457,	76
1771,	191.462,	102
1772,	191.466,	39
1773,	191.471,	77
1774,	191.476,	68
1775,	191.480,	80
1776,	191.485,	34
1777,	191.489,	35
1778,	191.494,	86
1779,	191.499,	64
1780,	191.503,	65
1781,	191.508,	29
1782,	191.512,	102
1783,	191.517,	83
1784,	191.522,	91
1785,	191.526,	52
1786,	191.531,	121
1787,	191.535,	80
1788,	191.540,	14
1789,	191.544,	18
1790,	191.549,	85
1791,	191.554,	105
1792,	191.558,	45
1793,	191.563,	44
1794,	191.567,	115
1795,	191.572,	111
1796,	191.577,	39
1797,	191.581,	71
1798,	191.586,	111
1799,	191.590,	119
1800,	191.595,	48
1801,	191.600,	15
1802,	191.604,	102
1803,	191.609,	127
1804,	191.613,	2
1805,	191.618,	27
1806,	191.623,	97
1807,	191.627,	79
1808,	191.632,	59
1809,	191.636,	47
1810,	191.641,	99
1811,	191.646,	92
1812,	191.650,	4
1813,	191.655,	84
1814,	191.659,	152
1815,	191.664,	147
1816,	191.668,	149
1817,	191.673,	346
1818,	191.678,	331
1819,	191.682,	248
1820,	191.687,	189
1821,	191.691,	98
1822,	191.696,	127
1823,	191.701,	97
1824,	191.705,	22
1825,	191.710,	39
1826,	191.714,	80
1827,	191.719,	76
1828,	191.724,	49
1829,	191.728,	107
1830,	191.733,	103
1831,	191.737,	121
1832,	191.742,	78
1833,	191.747,	85
1834,	191.751,	170
1835,	191.756,	212
1836,	191.760,	136
1837,	191.765,	143
1838,	191.770,	177
1839,	191.774,	169
1840,	191.779,	86
1841,	191.783,	88
1842,	191.788,	167
1843,	191.793,	148
1844,	191.797,	69
1845,	191.802,	94
1846,	191.806,	89
1847,	191.811,	80
1848,	191.815,	25
1849,	191.820,	63
1850,	191.825,	88
1851,	191.829,	95
1852,	191.834,	25
1853,	191.838,	83
1854,	191.843,	127
1855,	191.848,	88
1856,	191.852,	53
1857,	191.857,	28
1858,	191.861,	92
1859,	191.866,	98
1860,	191.871,	21
1861,	191.875,	7
1862,	191.880,	73
1863,	191.884,	80
1864,	191.889,	30
1865,	191.894,	42
1866,	191.898,	85
1867,	191.903,	94
1868,	191.907,	68
1869,	191.912,	62
1870,	191.917,	84
1871,	191.921,	115
1872,	191.926,	89
1873,	191.930,	101
1874,	191.935,	91
1875,	191.939,	93
1876,	191.944,	21
1877,	191.949,	51
1878,	191.953,	79
1879,	191.958,	88
1880,	191.962,	44
1881,	191.967,	67
1882,	191.972,	136
1883,	191.976,	99
1884,	191.981,	68
1885,	191.985,	53
1886,	191.990,	102
1887,	191.995,	84
1888,	191.999,	10
1889,	192.004,	37
1890,	192.008,	102
1891,	192.013,	79
1892,	192.018,	37
1893,	192.022,	57
1894,	192.027,	66
1895,	192.031,	83
1896,	192.036,	21
1897,	192.041,	8
1898,	192.045,	95
1899,	192.050,	104
1900,	192.054,	37
1901,	192.059,	32
1902,	192.063,	80
1903,	192.068,	102
1904,	192.073,	38
1905,	192.077,	13
1906,	192.082,	75
1907,	192.086,	74
1908,	192.091,	12
1909,	192.096,	16
1910,	192.100,	104
1911,	192.105,	107
1912,	192.109,	45
1913,	192.114,	45
1914,	192.119,	74
1915,	192.123,	84
1916,	192.128,	79
1917,	192.132,	32
1918,	192.137,	66
1919,	192.142,	112
1920,	192.146,	41
1921,	192.151,	61
1922,	192.155,	62
1923,	192.160,	97
1924,	192.165,	12
1925,	192.169,	40
1926,	192.174,	89
1927,	192.178,	93
1928,	192.183,	75
1929,	192.187,	5
1930,	192.192,	84
1931,	192.197,	92
1932,	192.201,	39
1933,	192.206,	77
1934,	192.210,	119
1935,	192.215,	133
1936,	192.220,	168
1937,	192.224,	304
1938,	192.229,	444
1939,	192.233,	521
1940,	192.238,	480
1941,	192.243,	284
1942,	192.247,	203
1943,	192.252,	138
1944,	192.256,	75
1945,	192.261,	97
1946,	192.266,	131
1947,	192.270,	109
1948,	192.275,	74
1949,	192.279,	94
1950,	192.284,	66
1951,	192.289,	105
1952,	192.293,	48
1953,	192.298,	45
1954,	192.302,	99
1955,	192.307,	104
1956,	192.312,	25
1957,	192.316,	47
1958,	192.321,	111
1959,	192.325,	65
1960,	192.330,	35
1961,	192.334,	93
1962,	192.339,	119
1963,	192.344,	119
1964,	192.348,	71
1965,	192.353,	85
1966,	192.357,	83
1967,	192.362,	98
1968,	192.367,	21
1969,	192.371,	6
1970,	192.376,	65
1971,	192.380,	71
1972,	192.385,	-2
1973,	192.390,	16
1974,	192.394,	67
1975,	192.399,	16
1976,	192.403,	20
1977,	192.408,	15
1978,	192.413,	32
1979,	192.417,	87
1980,	192.422,	2
1981,	192.426,	54
1982,	192.431,	44
1983,	192.436,	39
1984,	192.440,	6
1985,	192.445,	14
1986,	192.449,	64
1987,	192.454,	92
1988,	192.458,	80
1989,	192.463,	77
1990,	192.468,	78
1991,	192.472,	63
1992,	192.477,	12
1993,	192.481,	-1
1994,	192.486,	61
1995,	192.491,	39
1996,	192.495,	63
1997,	192.500,	8
1998,	192.504,	55
1999,	192.509,	97
2000,	192.514,	8
2001,	192.518,	90
2002,	192.523,	44
2003,	192.527,	88
2004,	192.532,	47
2005,	192.537,	89
2006,	192.541,	72
2007,	192.546,	73
2008,	192.550,	107
2009,	192.555,	39
2010,	192.560,	66
2011,	192.564,	93
2012,	192.569,	65
2013,	192.573,	79
2014,	192.578,	115
2015,	192.582,	245
2016,	192.587,	332
2017,	192.592,	532
2018,	192.596,	709
2019,	192.601,	870
2020,	192.605,	754
2021,	192.610,	294
2022,	192.615,	177
2023,	192.619,	99
2024,	192.624,	77
2025,	192.628,	27
2026,	192.633,	82
2027,	192.638,	95
2028,	192.642,	12
2029,	192.647,	4
2030,	192.651,	74
2031,	192.656,	93
2032,	192.661,	33
2033,	192.665,	3
2034,	192.670,	75
2035,	192.674,	94
2036,	192.679,	11
2037,	192.684,	7
2038,	192.688,	98
2039,	192.693,	66
2040,	192.697,	73
2041,	192.702,	19
2042,	192.706,	103
2043,	192.711,	118
2044,	192.716,	55
2045,	192.720,	101
2046,	192.725,	134
2047,	192.729,	132
2048,	192.734,	67
2049,	192.739,	86
2050,	192.743,	109
2051,	192.748,	97
2052,	192.752,	88
2053,	192.757,	77
2054,	192.762,	99
2055,	192.766,	102
2056,	192.771,	11
2057,	192.775,	61
2058,	192.780,	97
2059,	192.785,	74
2060,	192.789,	14
2061,	192.794,	49
2062,	192.798,	82
2063,	192.803,	102
2064,	192.808,	52
2065,	192.812,	33
2066,	192.817,	128
2067,	192.821,	119
2068,	192.826,	62
2069,	192.831,	61
2070,	192.835,	114
2071,	192.840,	144
2072,	192.844,	48
2073,	192.849,	88
2074,	192.853,	114
2075,	192.858,	139
2076,	192.863,	75
2077,	192.867,	90
2078,	192.872,	111
2079,	192.876,	95
2080,	192.881,	84
2081,	192.886,	106
2082,	192.890,	104
2083,	192.895,	101
2084,	192.899,	134
2085,	192.904,	79
2086,	192.909,	107
2087,	192.913,	95
2088,	192.918,	62
2089,	192.922,	-3
2090,	192.927,	91
2091,	192.932,	81
2092,	192.936,	47
2093,	192.941,	13
2094,	192.945,	116
2095,	192.950,	116
2096,	192.955,	110
2097,	192.959,	87
2098,	192.964,	130
2099,	192.968,	169
2100,	192.973,	140
2101,	192.977,	176
2102,	192.982,	177
2103,	192.987,	182
2104,	192.991,	117
2105,	192.996,	96
2106,	193.000,	192
2107,	193.005,	265
2108,	193.010,	237
2109,	193.014,	343
2110,	193.019,	453
2111,	193.023,	447
2112,	193.028,	378
2113,	193.033,	242
2114,	193.037,	243
2115,	193.042,	276
2116,	193.046,	271
2117,	193.051,	325
2118,	193.056,	416
2119,	193.060,	473
2120,	193.065,	637
2121,	193.069,	1029
2122,	193.074,	1749
2123,	193.079,	2455
2124,	193.083,	2665
2125,	193.088,	2487
2126,	193.092,	2189
2127,	193.097,	1646
2128,	193.101,	873
2129,	193.106,	494
2130,	193.111,	394
2131,	193.115,	376
2132,	193.120,	363
2133,	193.124,	336
2134,	193.129,	408
2135,	193.134,	418
2136,	193.138,	441
2137,	193.143,	401
2138,	193.147,	315
2139,	193.152,	269
2140,	193.157,	204
2141,	193.161,	264
2142,	193.166,	272
2143,	193.170,	254
2144,	193.175,	259
2145,	193.180,	198
2146,	193.184,	302
2147,	193.189,	313
2148,	193.193,	292
2149,	193.198,	243
2150,	193.203,	284
2151,	193.207,	308
2152,	193.212,	256
2153,	193.216,	263
2154,	193.221,	310
2155,	193.226,	327
2156,	193.230,	258
2157,	193.235,	286
2158,	193.239,	338
2159,	193.244,	358
2160,	193.248,	268
2161,	193.253,	243
2162,	193.258,	264
2163,	193.262,	237
2164,	193.267,	149
2165,	193.271,	149
2166,	193.276,	180
2167,	193.281,	215
2168,	193.285,	164
2169,	193.290,	163
2170,	193.294,	198
2171,	193.299,	231
2172,	193.304,	198
2173,	193.308,	227
2174,	193.313,	280
2175,	193.317,	285
2176,	193.322,	229
2177,	193.327,	230
2178,	193.331,	279
2179,	193.336,	298
2180,	193.340,	223
2181,	193.345,	220
2182,	193.350,	276
2183,	193.354,	283
2184,	193.359,	254
2185,	193.363,	296
2186,	193.368,	299
2187,	193.372,	324
2188,	193.377,	353
2189,	193.382,	272
2190,	193.386,	303
2191,	193.391,	304
2192,	193.395,	278
2193,	193.400,	309
2194,	193.405,	357
2195,	193.409,	328
2196,	193.414,	277
2197,	193.418,	329
2198,	193.423,	389
2199,	193.428,	371
2200,	193.432,	309
2201,	193.437,	327
2202,	193.441,	412
2203,	193.446,	427
2204,	193.451,	378
2205,	193.455,	447
2206,	193.460,	439
2207,	193.464,	429
2208,	193.469,	367
2209,	193.474,	415
2210,	193.478,	480
2211,	193.483,	507
2212,	193.487,	473
2213,	193.492,	717
2214,	193.496,	2881
2215,	193.501,	3731
2216,	193.506,	3688
2217,	193.510,	3653
2218,	193.515,	3719
2219,	193.519,	3711
2220,	193.524,	3699
2221,	193.529,	3625
2222,	193.533,	3711
2223,	193.538,	3730
2224,	193.542,	3645
2225,	193.547,	3618
2226,	193.552,	3714
2227,	193.556,	3705
2228,	193.561,	3620
2229,	193.565,	3709
2230,	193.570,	3724
2231,	193.575,	3712
2232,	193.579,	3640
2233,	193.584,	3615
2234,	193.588,	3702
2235,	193.593,	3691
2236,	193.598,	3659
2237,	193.602,	3628
2238,	193.607,	3699
2239,	193.611,	3713
2240,	193.616,	3646
2241,	193.620,	3712
2242,	193.625,	3507
2243,	193.630,	2882
2244,	193.634,	2312
2245,	193.639,	1965
2246,	193.643,	1748
2247,	193.648,	1556
2248,	193.653,	1280
2249,	193.657,	1206
2250,	193.662,	1148
2251,	193.666,	1051
2252,	193.671,	971
2253,	193.676,	991
2254,	193.680,	929
2255,	193.685,	936
2256,	193.689,	828
2257,	193.694,	792
2258,	193.699,	773
2259,	193.703,	723
2260,	193.708,	619
2261,	193.712,	667
2262,	193.717,	638
2263,	193.722,	615
2264,	193.726,	616
2265,	193.731,	693
2266,	193.735,	730
2267,	193.740,	768
2268,	193.745,	743
2269,	193.749,	777
2270,	193.754,	662
2271,	193.758,	588
2272,	193.763,	506
2273,	193.767,	500
2274,	193.772,	530
2275,	193.777,	506
2276,	193.781,	447
2277,	193.786,	471
2278,	193.790,	469
2279,	193.795,	452
2280,	193.800,	399
2281,	193.804,	407
2282,	193.809,	405
2283,	193.813,	408
2284,	193.818,	304
2285,	193.823,	249
2286,	193.827,	365
2287,	193.832,	329
2288,	193.836,	250
2289,	193.841,	279
2290,	193.846,	259
2291,	193.850,	291
2292,	193.855,	254
2293,	193.859,	253
2294,	193.864,	254
2295,	193.869,	233
2296,	193.873,	185
2297,	193.878,	186
2298,	193.882,	209
2299,	193.887,	234
2300,	193.891,	213
2301,	193.896,	234
2302,	193.901,	253
2303,	193.905,	306
2304,	193.910,	187
2305,	193.914,	179
2306,	193.919,	191
2307,	193.924,	184
2308,	193.928,	69
2309,	193.933,	142
2310,	193.937,	181
2311,	193.942,	162
2312,	193.947,	110
2313,	193.951,	149
2314,	193.956,	146
2315,	193.960,	139
2316,	193.965,	105
2317,	193.970,	124
2318,	193.974,	126
2319,	193.979,	124
2320,	193.983,	40
2321,	193.988,	104
2322,	193.993,	150
2323,	193.997,	134
2324,	194.002,	85
2325,	194.006,	128
2326,	194.011,	169
2327,	194.015,	142
2328,	194.020,	170
2329,	194.025,	194
2330,	194.029,	167
2331,	194.034,	156
2332,	194.038,	95
2333,	194.043,	66
2334,	194.048,	121
2335,	194.052,	120
2336,	194.057,	24
2337,	194.061,	77
2338,	194.066,	131
2339,	194.071,	136
2340,	194.075,	81
2341,	194.080,	112
2342,	194.084,	136
2343,	194.089,	144
2344,	194.094,	100
2345,	194.098,	119
2346,	194.103,	126
2347,	194.107,	138
2348,	194.112,	35
2349,	194.117,	51
2350,	194.121,	109
2351,	194.126,	117
2352,	194.130,	58
2353,	194.135,	57
2354,	194.139,	66
2355,	194.144,	88
2356,	194.149,	42
2357,	194.153,	48
2358,	194.158,	77
2359,	194.162,	124
2360,	194.167,	36
2361,	194.172,	75
2362,	194.176,	84
2363,	194.181,	131
2364,	194.185,	47
2365,	194.190,	52
2366,	194.195,	100
2367,	194.199,	75
2368,	194.204,	35
2369,	194.208,	7
2370,	194.213,	112
2371,	194.218,	118
2372,	194.222,	50
2373,	194.227,	58
2374,	194.231,	106
2375,	194.236,	83
2376,	194.241,	11
2377,	194.245,	42
2378,	194.250,	73
2379,	194.254,	130
2380,	194.259,	42
2381,	194.264,	38
2382,	194.268,	106
2383,	194.273,	122
2384,	194.277,	110
2385,	194.282,	38
2386,	194.286,	105
2387,	194.291,	117
2388,	194.296,	42
2389,	194.300,	95
2390,	194.305,	76
2391,	194.309,	79
2392,	194.314,	61
2393,	194.319,	31
2394,	194.323,	144
2395,	194.328,	140
2396,	194.332,	114
2397,	194.337,	153
2398,	194.342,	104
2399,	194.346,	136
2400,	194.351,	48
2401,	194.355,	97
2402,	194.360,	117
2403,	194.365,	137
2404,	194.369,	98
2405,	194.374,	151
2406,	194.378,	239
2407,	194.383,	261
2408,	194.388,	80
2409,	194.392,	91
2410,	194.397,	88
2411,	194.401,	100
2412,	194.406,	63
2413,	194.410,	35
2414,	194.415,	126
2415,	194.420,	111
2416,	194.424,	80
2417,	194.429,	55
2418,	194.433,	117
2419,	194.438,	120
2420,	194.443,	82
2421,	194.447,	14
2422,	194.452,	73
2423,	194.456,	48
2424,	194.461,	83
2425,	194.466,	48
2426,	194.470,	109
2427,	194.475,	87
2428,	194.479,	26
2429,	194.484,	94
2430,	194.489,	88
2431,	194.493,	88
2432,	194.498,	28
2433,	194.502,	40
2434,	194.507,	99
2435,	194.512,	78
2436,	194.516,	15
2437,	194.521,	17
2438,	194.525,	72
2439,	194.530,	105
2440,	194.534,	73
2441,	194.539,	17
2442,	194.544,	91
2443,	194.548,	102
2444,	194.553,	14
2445,	194.557,	96
2446,	194.562,	141
2447,	194.567,	185
2448,	194.571,	109
2449,	194.576,	123
2450,	194.580,	135
2451,	194.585,	105
2452,	194.590,	17
2453,	194.594,	30
2454,	194.599,	78
2455,	194.603,	123
2456,	194.608,	82
2457,	194.613,	51
2458,	194.617,	107
2459,	194.622,	107
2460,	194.626,	91
2461,	194.631,	48
2462,	194.636,	73
2463,	194.640,	105
2464,	194.645,	16
2465,	194.649,	16
2466,	194.654,	64
2467,	194.658,	89
2468,	194.663,	-4
2469,	194.668,	72
2470,	194.672,	101
2471,	194.677,	97
2472,	194.681,	27
2473,	194.686,	61
2474,	194.691,	67
2475,	194.695,	102
2476,	194.700,	10
2477,	194.704,	27
2478,	194.709,	73
2479,	194.714,	101
2480,	194.718,	80
2481,	194.723,	1
2482,	194.727,	107
2483,	194.732,	108
2484,	194.737,	28
2485,	194.741,	50
2486,	194.746,	102
2487,	194.750,	99
2488,	194.755,	96
2489,	194.760,	35
2490,	194.764,	105
2491,	194.769,	100
2492,	194.773,	40
2493,	194.778,	55
2494,	194.783,	107
2495,	194.787,	55
2496,	194.792,	65
2497,	194.796,	73
2498,	194.801,	81
2499,	194.805,	100
2500,	194.810,	22
2501,	194.815,	31
2502,	194.819,	100
2503,	194.824,	50
2504,	194.828,	21
2505,	194.833,	8
2506,	194.838,	96
2507,	194.842,	74
2508,	194.847,	63
2509,	194.851,	57
2510,	194.856,	83
2511,	194.861,	42
2512,	194.865,	59
2513,	194.870,	97
2514,	194.874,	100
2515,	194.879,	60
2516,	194.884,	15
2517,	194.888,	9
2518,	194.893,	104
2519,	194.897,	76
2520,	194.902,	10
2521,	194.907,	68
2522,	194.911,	50
2523,	194.916,	55
2524,	194.920,	74
2525,	194.925,	55
2526,	194.929,	102
2527,	194.934,	71
2528,	194.939,	19
2529,	194.943,	65
2530,	194.948,	44
2531,	194.952,	46
2532,	194.957,	37
2533,	194.962,	28
2534,	194.966,	67
2535,	194.971,	69
2536,	194.975,	-3
2537,	194.980,	-4
2538,	194.985,	76
2539,	194.989,	48
2540,	194.994,	103
2541,	194.998,	109
2542,	195.003,	115
2543,	195.008,	115
2544,	195.012,	77
2545,	195.017,	26
2546,	195.021,	90
2547,	195.026,	103
2548,	195.031,	3
2549,	195.035,	28
2550,	195.040,	90
2551,	195.044,	80
2552,	195.049,	72
2553,	195.053,	4
2554,	195.058,	32
2555,	195.063,	76
2556,	195.067,	13
2557,	195.072,	75
2558,	195.076,	96
2559,	195.081,	125
2560,	195.086,	75
2561,	195.090,	126
2562,	195.095,	137
2563,	195.099,	107
2564,	195.104,	53
2565,	195.109,	26
2566,	195.113,	97
2567,	195.118,	100
2568,	195.122,	1
2569,	195.127,	27
2570,	195.132,	82
2571,	195.136,	89
2572,	195.141,	10
2573,	195.145,	46
2574,	195.150,	127
2575,	195.155,	158
2576,	195.159,	134
2577,	195.164,	109
2578,	195.168,	116
2579,	195.173,	68
2580,	195.178,	49
2581,	195.182,	35
2582,	195.187,	36
2583,	195.191,	44
2584,	195.196,	73
2585,	195.200,	6
2586,	195.205,	33
2587,	195.210,	84
2588,	195.214,	41
2589,	195.219,	45
2590,	195.223,	75
2591,	195.228,	115
2592,	195.233,	9
2593,	195.237,	7
2594,	195.242,	77
2595,	195.246,	111
2596,	195.251,	38
2597,	195.256,	102
2598,	195.260,	66
2599,	195.265,	122
2600,	195.269,	4
2601,	195.274,	48
2602,	195.279,	125
2603,	195.283,	129
2604,	195.288,	60
2605,	195.292,	95
2606,	195.297,	124
2607,	195.302,	102
2608,	195.306,	35
2609,	195.311,	19
2610,	195.315,	94
2611,	195.320,	132
2612,	195.324,	88
2613,	195.329,	93
2614,	195.334,	137
2615,	195.338,	127
2616,	195.343,	40
2617,	195.347,	27
2618,	195.352,	104
2619,	195.357,	99
2620,	195.361,	102
2621,	195.366,	56
2622,	195.370,	125
2623,	195.375,	129
2624,	195.380,	30
2625,	195.384,	85
2626,	195.389,	172
2627,	195.393,	223
2628,	195.398,	228
2629,	195.403,	234
2630,	195.407,	255
2631,	195.412,	212
2632,	195.416,	148
2633,	195.421,	148
2634,	195.426,	134
2635,	195.430,	119
2636,	195.435,	66
2637,	195.439,	84
2638,	195.444,	80
2639,	195.448,	85
2640,	195.453,	41
2641,	195.458,	40
2642,	195.462,	120
2643,	195.467,	108
2644,	195.471,	44
2645,	195.476,	52
2646,	195.481,	131
2647,	195.485,	113
2648,	195.490,	55
2649,	195.494,	62
2650,	195.499,	130
2651,	195.504,	102
2652,	195.508,	-4
2653,	195.513,	69
2654,	195.517,	29
2655,	195.522,	95
2656,	195.527,	1
2657,	195.531,	-3
2658,	195.536,	88
2659,	195.540,	101
2660,	195.545,	49
2661,	195.550,	72
2662,	195.554,	99
2663,	195.559,	106
2664,	195.563,	24
2665,	195.568,	61
2666,	195.572,	132
2667,	195.577,	109
2668,	195.582,	79
2669,	195.586,	52
2670,	195.591,	77
2671,	195.595,	49
2672,	195.600,	77
2673,	195.605,	39
2674,	195.609,	57
2675,	195.614,	75
2676,	195.618,	77
2677,	195.623,	23
2678,	195.628,	61
2679,	195.632,	96
2680,	195.637,	49
2681,	195.641,	22
2682,	195.646,	97
2683,	195.651,	118
2684,	195.655,	93
2685,	195.660,	22
2686,	195.664,	107
2687,	195.669,	104
2688,	195.674,	26
2689,	195.678,	61
2690,	195.683,	119
2691,	195.687,	90
2692,	195.692,	18
2693,	195.697,	58
2694,	195.701,	92
2695,	195.706,	83
2696,	195.710,	30
2697,	195.715,	64
2698,	195.719,	69
2699,	195.724,	77
2700,	195.729,	19
2701,	195.733,	39
2702,	195.738,	110
2703,	195.742,	83
2704,	195.747,	19
2705,	195.752,	-5
2706,	195.756,	100
2707,	195.761,	74
2708,	195.765,	30
2709,	195.770,	11
2710,	195.775,	107
2711,	195.779,	115
2712,	195.784,	21
2713,	195.788,	18
2714,	195.793,	72
2715,	195.798,	100
2716,	195.802,	68
2717,	195.807,	76
2718,	195.811,	116
2719,	195.816,	91
2720,	195.821,	24
2721,	195.825,	42
2722,	195.830,	103
2723,	195.834,	120