3 2000.24 c60   15.36
2 2000.68 a20   11.05
3 2011.49 c20   15.32
2 2015.89 a15   11.20
2 2033.92 a15   11.14
3 2057.00 c20   15.19
1 2061.17 a200   6.01
2 2065.91 a40   11.05
1 2069.83 a100   5.98
2 2075.61 a10   16.34
3 2081.05 c20   16.57
1 2309.64 a30    9.11
1 2375.06 a50    8.96
2 2437.79 m8     9.93
2 2535.31 s30    9.93
1 2575.74 a50    9.11
1 2721.77 m6     8.30
2 2743.90 s15    9.93
1 2824.37 a100   8.13
2 2929.35 s30    9.93
1 3099.12 a20    8.30
1 3130.01 a30    7.70
1 3170.58 a10    7.65
1 3280.68 m5500  3.78
1 3382.89 m2800  3.66
1 3469.21 a30    7.87
1 3508.09 a20    7.20
1 3542.61 a50    0.00
1 3624.71 a50    7.20
1 3682.47 a30    7.02
1 3709.25 a50    7.12
1 3810.86 a200   7.02
1 3811.78 a50    7.03
1 3840.80 a100   6.90
1 3981.64 a100   6.90
1 4055.46 a1000  6.72
1 4210.94 m9     6.72
1 4212.68 a100   6.72
1 4311.07 a50    9.84
1 4476.04 m5     6.44
1 4615.69 a30    9.94
1 4668.48 m6     6.44
1 4677.60 a30    9.94
1 4847.82 a30    9.84
1 4874.18 a100   9.84
1 5209.07 m100   6.04
1 5465.49 m100   6.04
1 5471.55 m10    6.04
1 5545.67 a20    6.02
