1 2012.05 m1100  7.29
1 2021.39 m260   7.26
2 2044.54 c50    9.50
2 2082.09 c150   7.82
2 2110.68 c60    8.06
2 2125.29 c30    9.50
1 2126.63 c15    5.82
1 2170.75 c20    8.36
2 2201.35 c25    7.82
2 2283.32 c25    9.10
1 2352.65 m18    6.40
1 2376.28 c20    6.35
1 2387.75 m12    6.32
1 2404.88 c5     7.81
1 2427.95 m260   5.10
1 2491.20 c6     7.63
1 2510.52 c7     7.59
1 2544.19 m1     7.53
1 2590.04 m3     7.44
1 2641.49 m26    5.82
1 2675.95 m340   4.63
1 2688.71 m0     7.26
1 2700.89 m0     5.72
1 2748.26 m110   5.64
1 2780.83 c25    9.09
2 2825.55 c20    8.06
1 2872.38 c20    8.94
1 2873.42 c20    9.54
1 2883.45 m1     6.95
1 2891.99 c10    9.51
1 2905.90 c20    9.49
2 2913.54 c25    9.27
1 2914.84 c30    6.91
0 2932.19 m1     0.00
1 2940.68 c25    8.84
2 2990.28 c20    7.82
1 3029.21 m32    5.22
1 3065.43 c40    8.67
1 3122.82 m160   8.99
1 3171.63 c20    9.01
1 3225.25 c25    8.95
1 3308.32 c25    6.40
1 3309.64 c30    8.85
1 3320.17 c100   8.36
1 3327.15 c45   10.05
1 3355.19 c12    6.35
1 3467.23 c70    8.68
1 3471.60 c20    8.67
1 3553.66 c12    9.52
1 3566.07 c5     9.51
1 3586.76 c45    9.50
1 3594.81 c4     8.67
1 3598.75 c3     9.80
1 3650.79 c30    8.03
1 3679.92 c30    9.77
1 3700.69 c25    9.75
1 3795.95 c90    8.37
1 3801.88 c30    8.36
2 3804.05 c9     9.27
1 3897.84 m4     8.40
1 3909.51 c9     5.83
1 3991.39 c20    8.83
2 4016.05 c9     9.10
1 4040.94 m4     5.72
2 4052.81 c9     9.07
1 4065.09 m7     7.68
1 4084.09 c40    8.75
1 4128.60 c35    8.82
1 4241.80 c30    8.02
1 4294.66 c30    9.79
1 4315.12 m2     8.51
1 4437.42 m1     8.51
1 4488.28 m2     8.40
1 4607.48 m9     8.51
1 4664.43 c25    8.41
1 4792.61 m5     7.69
1 4811.62 c60    7.68
1 4875.24 c20    8.37
1 4902.25 c20    9.79
1 4957.54 c25    9.79
1 5064.69 c15    5.10
1 5147.46 c40    8.76
1 5230.29 c30    8.41
1 5261.80 c25    8.76
1 5446.96 c70    8.68
1 5465.87 c35    9.53
1 5531.90 c35   10.05

