3 2065.77 s700   6.00
3 2067.23 s500   6.00
1 2088.93 m400   5.94
1 2089.59 m650   5.94
2 2220.31 s20   17.86
3 2234.12 s20   29.47
3 2234.63 s40   29.47
2 2395.07 s100  17.86
1 2496.78 m240   4.96
1 2497.73 m480   4.96
2 2918.07 s20    2.29
2 3179.35 s20   21.76
2 3222.08 s20    2.25
2 3323.20 s20   21.60
2 3323.60 s40   21.60
2 3451.41 s500  12.69
2 4121.95 s200  21.68
2 4194.82 s20   20.82
3 4243.60 s40   33.02
2 4472.08 s20   20.60
2 4472.82 s40   20.60
3 4487.46 s100  33.03
3 4497.58 s500  33.03
2 4784.29 s20   21.30
2 4940.64 s40   21.68

