3 2020.75 e20    8.71
3 2021.15 e20    8.71
1 2021.21 m1000  6.12
1 2023.99 h50    7.54
0 2041.96 h100   0.00
0 2049.69 h25    0.00
1 2057.68 h40    7.92
1 2061.70 m4400  6.00
1 2064.79 h50    7.92
2 2068.99 e45   10.20
1 2110.26 m470   5.86
1 2133.63 m240   7.21
1 2134.58 h100   7.23
2 2143.40 e40    9.99
1 2152.91 h50    8.45
0 2153.53 h40    0.00
1 2156.95 h75    7.16
1 2164.10 h20    7.14
1 2177.22 h20    5.69
2 2186.92 e60   11.14
1 2189.59 h25    7.07
1 2203.12 h20    7.54
3 2213.55 e30   20.74
2 2214.00 e40    9.80
1 2214.12 h7     7.01
1 2228.25 m35    5.55
1 2230.61 m160   5.55
1 2276.58 m36    5.45
1 2281.38 h10    0.00
0 2309.73 h18    0.00
1 2328.19 h15    0.00
1 2333.79 h12    7.22
1 2349.15 h10    6.69
1 2354.49 h15    6.68
1 2400.88 m20    7.07
3 2414.60 e75   17.06
1 2430.45 h30    7.00
1 2433.45 h30    7.78
1 2448.06 h50    6.48
0 2499.51 h25    0.00
1 2515.69 m2     6.33
1 2524.49 m7     6.33
1 2532.57 h25    7.58
2 2544.50 e20   13.50
0 2582.15 h35    0.00
1 2627.91 m70    6.12
1 2696.76 m28    6.00
2 2713.30 e20   14.37
1 2730.51 m14    7.21
1 2780.52 m36    5.87
1 2798.69 -0     6.33
1 2809.63 m14    6.32
3 2847.40 e30   17.05
3 2855.60 e80   17.04
1 2863.75 h80    7.01
1 2897.98 m400   5.69
1 2938.30 m320   6.13
2 2950.40 e20   14.37
1 2989.03 m280   5.55
1 2993.34 m70    5.55
1 3024.64 m240   6.00
1 3034.87 m6     0.00
1 3035.18 h60    8.19
1 3067.72 m3600  4.04
1 3076.66 m14    5.43
1 3093.58 h10    6.69
3 3115.00 e35   18.48
1 3144.60 h8     0.00
1 3239.73 h10    7.94
0 3307.55 h150   0.00
1 3397.21 m55    5.55
1 3405.25 h60    6.31
3 3451.00 e40   17.05
2 3455.28 e5    13.03
3 3473.80 e40   20.61
3 3485.50 e35   20.61
1 3510.85 m50    5.43
1 3596.11 m38    6.12
3 3613.40 e5    18.57
3 3695.32 e50   15.14
3 3695.68 e50   15.14
2 3792.50 e70   13.07
2 3845.80 e10   13.03
2 3863.90 e30   13.19
1 3888.23 h40    5.86
2 4079.21 e40   13.03
1 4121.52 m14    5.68
1 4121.84 m14    5.68
2 4259.62 e75   13.10
2 4272.49 e25   13.07
2 4302.14 e70   13.06
1 4308.18 h50    5.55
1 4308.53 h50    5.55
3 4327.80 e25   18.00
2 4340.59 e25   13.05
2 4379.40 e25   13.03
2 4477.12 e25   13.22
3 4560.84 e30   14.50
3 4561.54 e30   14.50
2 4705.35 e60   13.08
1 4722.19 m60    4.04
1 4722.37 m60    4.04
1 4722.83 m60    4.04
2 4730.30 e30   13.62
2 4749.74 e20   13.40
3 4797.40 e40   14.50
2 4993.92 e20   13.62
3 5079.50 e45   15.14
2 5124.30 e50   13.42
2 5144.48 e60   10.98
2 5201.01 e20   13.39
2 5209.29 e75   11.00
2 5270.34 e40   10.98
1 5552.35 m1     0.00

