2 2103.24 a8     9.02
2 2112.76 a20    9.02
2 2113.15  5     9.01
2 2128.75  2     7.51
2 2131.50  10    7.51
2 2132.30  5     7.50
3 2140.39  6    40.73
1 2150.78 a1     5.77
3 2152.47  6    40.43
2 2197.79  10    8.77
1 2200.73 a1     5.64
2 2208.61  10    8.77
1 2275.47 a1     5.45
1 2398.56 m8     5.18
3 2541.49  6    34.94
1 2564.09 a3     6.74
1 2617.66 a3     4.74
3 2620.82  6    34.97
3 2634.17  6    34.94
1 2680.36 a2     4.61
3 2687.78  8    34.67
3 2704.87  6    35.02
1 2721.65 m3     4.55
1 2770.79 a3     6.37
3 2791.63  6    34.68
3 2813.88  7    34.85
3 2866.57  7    35.02
3 2869.95  7    34.37
3 2881.80  7    34.54
3 2899.78  9    34.33
3 2924.33  8    34.93
3 2988.61  7    34.37
3 2989.30  6    34.84
1 2994.96 m3     6.01
1 2997.31 m2     6.02
1 2999.64 m2     6.01
1 3000.86 m2     6.01
1 3006.86 m7     6.02
1 3009.21 m3    601.00
3 3028.66  6    34.53
1 3080.83 a2     5.92
1 3095.28 a1     5.88
1 3108.58 a2     5.88
1 3117.65 a1     5.87
3 3119.66  8    34.66
1 3136.00 a1     5.83
1 3140.78 a1     5.83
1 3150.74 a2     5.83
2 3158.87 m20    7.05
1 3169.85 a1     5.79
2 3179.33 m50    7.05
1 3180.52 a1     5.79
2 3181.28 c15    7.05
1 3209.93 a1     5.74
1 3215.13 a1     5.74
1 3225.90 a2     5.74
1 3269.10  0     5.67
1 3274.66 a1     5.67
1 3286.07 a1     5.67
1 3344.51 a2     5.58
1 3350.21 a5     5.58
1 3350.36 a6     5.58
1 3361.92 a8     5.58
1 3362.13 a8     5.58
3 3372.68  8    33.73
1 3468.48 a4     5.45
1 3474.76 a2     5.45
1 3487.60 a3     5.45
3 3537.75  7    33.73
1 3624.11 m5     5.30
1 3630.75 m10    5.30
1 3630.95 a3     5.30
1 3644.41 m10    5.30
1 3644.77 a3     5.30
1 3675.31 a2     5.89
1 3678.23 a3    589.00
2 3683.70 c3    10.87
2 3694.11 c4    10.87
2 3706.03 m12    6.47
2 3736.90 m15    6.47
1 3748.37 a1     5.82
1 3750.35 a1     5.82
1 3753.37 a1     5.82
2 3758.39 c3    10.34
3 3761.62  6    33.73
1 3870.51 a2     5.72
1 3872.56 a3     5.72
1 3875.81 a5     5.72
2 3933.67 m4200  3.15
1 3948.90 m1     5.02
1 3957.05 m3     5.02
2 3968.47 m2200  3.12
1 3972.57 a1     5.82
1 3973.71 m14    5.02
1 4092.63 a2     5.55
1 4094.93 a3     5.55
2 4097.10 c5    10.53
1 4098.53 a3     5.55
2 4109.82 c6    10.53
2 4110.28 c3    10.53
2 4206.17 c4    10.45
2 4220.07 c5    10.45
1 4226.73 m1100  2.93
1 4240.46 a2     5.63
1 4283.01 m24    4.78
1 4289.36 m22    4.77
1 4298.99 m20    4.77
1 4302.53 m110   4.78
1 4307.74 m26    4.76
1 4318.65 m40    4.77
1 4355.10 a2     5.55
1 4425.44 m30    4.68
1 4434.96 m65    4.68
1 4435.69 m18    4.68
1 4454.78 m140   4.68
1 4455.89 m18    4.68
1 4456.62 m1     4.68
1 4512.28 a1     5.27
1 4526.94 m1     5.44
1 4578.56 m2     5.23
1 4581.40 m5     5.23
1 4585.87 m8     5.23
1 4685.27 a1     5.57
2 4716.74 c3     9.67
2 4721.03 c4     9.67
2 4799.97 c4    11.02
1 4878.13 m5     5.25
2 5001.48 c7     9.98
2 5019.97 c8     9.98
2 5021.15 c4     9.98
1 5041.63 m6     5.17
1 5188.85 m10    5.32
1 5261.70 m11    4.88
1 5262.25 m13    4.88
1 5264.24 m11    4.88
1 5265.56 m28    4.88
1 5270.28 m48    4.88
2 5285.27 c6     9.85
2 5307.22 c7     9.85
2 5339.19 c5    10.86
1 5349.47 m16    5.02
1 5512.96 m2     5.18
1 5581.97 m12    4.74
1 5588.75 m70    4.74
1 5590.11 m10    4.74
1 5594.45 m36    4.74
1 5598.47 m24    4.73
1 5601.28  m12  4.739
1 5602.84  m12 4.735
1 5857.44  m22  5.049
1 6102.72  m340 3.910
1 6122.22  m950 3.910
1 6161.29 m30 4.535
1 6162.17 m1400 3.910
1 6163.76 m30 4.532
1 6166.44  m60 4.531
1 6169.06  m70 4.532
1 6169.56  m140 4.535
1 6439.07  m700 4.451
1 6449.81  m180 4.443
1 6455.60  m35  4.443
1 6462.57  m700 4.441
1 6471.66  m80 4.441
1 6493.78  m320 4.430
1 6499.65  m80 4.430
1 6572.78  m20 1.886
1 6717.68  m40 4.554
1 7148.15 m190 4.443
1 7202.19  m90 4.430
2 8498.019 m12 3.151
2 8542.09  m1000 3.151


