1 1991.50  m1    1.00
1 3030.76 m360   4.11
2 3052.92 m85    7.48
1 3056.31 m120   6.07
2 3065.12 m130   7.50
2 3251.32 m990   3.82
1 3255.68 m1500  3.81
1 3269.90 m4400  3.79
1 3273.63 m5500  3.81
2 3352.05 m270   3.70
2 3353.72 m9900  4.01
2 3359.68 m2000  3.70
2 3361.26 m1700  3.69
2 3361.93 m1700  3.69
2 3368.94 m4000  3.69
2 3372.15 m6600  3.70
1 3418.53 m130   5.60
1 3429.20 m200   5.57
1 3429.48 m200   5.56
1 3431.35 m270   5.58
1 3435.54 m530   5.60
1 3439.38 m90    5.56
1 3457.44 m270   5.60
1 3462.17 m180   5.58
1 3469.71 m130   5.57
1 3471.06 m110   5.56
1 3498.90 m200   5.53
2 3535.71 m2700  3.82
2 3558.53 m6600  3.49
2 3567.70 m6100  3.47
2 3572.53 m13000  3.49
2 3576.34 m9900  3.47
2 3580.93 m7700  3.46
2 3589.63 m4000  3.46
2 3590.47 m4000  3.47
2 3613.83 m28000  3.45
1 3617.46 m110   5.41
2 3630.74 m20000  3.42
2 3630.85 m50   10.00
2 3642.78 m13000  3.40
2 3645.31 m6600  3.42
1 3646.91 m110   5.39
2 3651.80 m5300  3.40
2 3664.25 m110   3.70
2 3666.53 m290   3.40
2 3833.08 m270   3.23
2 3843.05 m610   3.23
1 3907.49 m20000  3.17
1 3911.82 m20000  3.19
1 3933.37 m4400  3.17
1 3996.60 m5500  3.10
2 4014.48 m530   3.40
1 4020.39 m20000  3.08
1 4023.68 m20000  3.10
1 4030.62 m220   5.06
1 4031.38 m140   5.03
1 4034.21 m100   5.06
1 4043.80 m220   5.03
1 4046.48 m200   5.06
1 4047.80 m2700  3.08
1 4049.94 m120   5.06
1 4056.59 m220   5.04
1 4074.96 m160   5.03
1 4078.56 m160   5.02
1 4082.39 m6100  3.06
1 4086.66 m200   5.03
1 4087.15 m400   5.04
1 4132.98 m440   4.94
1 4140.27 m530   4.95
1 4147.38 m650   4.94
1 4152.34 m720   4.95
1 4161.85 m90    4.95
1 4165.19 m1100  4.96
1 4218.23 m110   4.93
1 4219.70 m110   4.92
1 4225.54 m90    4.94
1 4231.92 m180   5.44
1 4233.59 m200   4.93
1 4237.80 m100   5.43
1 4238.05 m400   4.94
1 4239.55 m90    4.93
1 4246.14 m100   4.93
2 4246.82 m15000  3.23
2 4294.76 m290   3.49
2 4305.71 m350   3.47
2 4314.08 m4200  3.49
2 4320.75 m3300  3.47
2 4325.00 m2400  3.46
2 4354.60 m180   3.45
1 4358.65 m110   4.83
2 4374.46 m2000  3.45
2 4384.81 m130   3.42
2 4400.39 m1100  3.42
2 4415.54 m880   3.40
1 4544.67 m90    4.59
1 4555.31 m12000 16.11
1 4593.20 m6000  2.70
2 4670.41 m350   4.01
1 4706.94 m120   4.93
1 4709.31 m120   4.94
1 4728.77 m200   4.06
1 4734.11 m590   4.05
1 4737.65 m690   4.05
1 4741.02 m790   4.05
1 4743.82 m1200  4.06
1 4753.17 m200   2.61
1 4779.35 m220   2.61
1 4791.52 m90    2.61
1 4827.28 m100   4.71
1 4833.66 m100   4.70
1 4839.43 m170   4.71
1 4847.67 m80    4.70
1 4852.68 m80    4.70
1 4906.66 m80    4.53
1 4909.75 m90    4.53
1 4922.84 m90    4.50
1 4934.26 m90    4.65
1 4973.67 m120   4.60
1 4980.36 m150   4.60
1 4983.44 m80    4.60
1 4991.91 m140   4.59
1 5018.39 m80    4.58
1 5021.51 m80    4.58
2 5031.01 m530   3.82
1 5064.32 m250   3.89
1 5068.84 m80    4.43
1 5070.25 m530   3.88
1 5075.82 m250   3.87
1 5081.55 m2100  3.89
1 5083.71 m1200  3.88
1 5085.55 m1100  3.87
1 5086.95 m750   3.87
1 5087.14 m390   4.58
1 5089.93 m270   4.55
1 5096.72 m390   3.87
1 5099.23 m620   3.87
1 5101.12 m370   3.88
1 5109.06 m180   4.56
1 5112.85 m150   4.57
1 5116.65 m320   4.56
1 5116.75 m320   4.56
1 5210.55 m390   4.89
1 5219.63 m280   4.88
2 5239.81 m350   3.82
1 5258.33 m280   4.87
1 5285.75 m210   4.85
1 5339.42 m95    4.28
1 5341.04 m120   4.26
1 5342.99 m95    2.32
1 5349.29 m350   4.17
1 5349.73 m120   2.34
1 5355.75 m210   4.27
1 5356.10 m530   4.18
1 5375.35 m270   4.28
1 5392.08 m370   4.29
1 5446.20 m270   4.29
1 5451.36 m120   4.28
1 5481.99 m750   4.13
1 5484.62 m530   4.11
1 5514.22 m570   4.10
1 5520.50 m660   4.11
2 5526.79 m660   4.01
1 5591.32 m110   4.20
2 5657.91 m250   3.70
1 5671.81 m1500  3.63
2 5684.21 m95    3.69
1 5686.83 m1200  3.62
1 5700.14 m1100  3.61
1 5708.60 m190   3.62
1 5711.75 m880   3.60
1 5717.30 m230   3.61
1 5724.07 m180   3.60
1 5988.43 m90    4.18
1 6210.66 m620   2.00
1 6239.44 m90    1.99
1 6239.80 m320   1.99
2 6245.64 m120   3.49
1 6249.96 m110   4.29
1 6258.90 m250   2.00
1 6305.65 m750   1.99
1 6413.35 m90    1.95
1 8521.03 m15000 1.46
1 8943.58 m7500  1.39

