2 2167.57 a12    6.14
2 2167.57 a12    6.14
2 2168.37 a60    6.14
2 2169.89 a15    6.14
2 2170.69 a60    6.14
3 2176.84 s10    5.86
2 2177.74 a100   6.12
2 2178.53 a75    6.12
2 2179.69 a15    6.11
2 2191.03 a75    6.08
2 2192.84 a120   6.08
2 2203.92 a20    6.12
2 2217.52 a15    6.08
2 2261.09 a75    6.08
3 2338.97 s8     5.34
3 2361.91 s8     5.34
2 2468.22 a120   6.08
2 2471.58 a50    6.12
2 2485.67 a25    6.14
2 2487.46 a50    6.12
2 2488.72 a60    6.08
2 2493.29 a15    6.14
2 2496.35 a15    6.14
2 2499.04 a12    6.12
3 2520.39 s6     5.34
2 2543.68 a25    5.30
2 2550.18 a20    5.28
3 2551.56 s6     6.10
3 2553.90 s10    5.98
3 2554.04 s10    6.06
3 2564.47 s10    5.98
3 2565.96 s6     6.10
3 2573.57 s7     6.06
3 2576.07 s6     6.10
3 2588.22 s8     6.06
3 2588.47 s8     5.98
3 2628.11 s20    5.86
3 2655.60 s12    6.10
3 2679.45 s15    6.06
3 2717.36 s30    5.98
2 2764.08 m40    4.84
2 2769.81 m28    4.90
2 2770.17 m20    4.86
2 2781.40 m38    4.84
2 2791.96 m34    4.87
2 2796.93 m80    4.86
2 2809.71 m65    4.84
2 2810.93 m14    4.90
2 2833.75 m26    4.87
2 2837.00 m6     4.79
2 2840.25 m48    4.86
2 2841.33 m12    4.79
2 2862.48 m10    4.93
2 2865.06 m5     4.75
2 2881.33 m40    4.90
1 2892.08 a2     4.35
3 2904.73 s20    5.41
2 2905.31 m40    4.87
2 2910.53 m15    4.75
3 2918.40 s9     5.41
2 2923.32 m8     4.90
3 2949.51 s6     5.41
3 2955.53 s40    5.34
2 2960.93 m6     4.57
2 2965.43 m7     4.78
2 2980.15 m48    4.24
2 2999.04 m100   4.17
2 3010.14 m180   4.12
2 3027.60 m160   4.24
2 3032.84 m180   4.17
2 3034.05 m140   4.12
2 3053.57 m24    4.55
2 3068.65 m90    4.12
2 3072.56 m48    5.28
2 3076.92 m55    4.03
2 3081.99 m180   4.17
2 3089.95 m24    5.30
2 3098.64 m40    4.00
2 3100.50 m300   4.24
2 3102.55 m50    5.05
3 3118.04 s8     5.41
2 3119.94 m44    4.00
2 3123.99 m32    4.00
2 3133.85 m40    5.05
2 3143.13 m20    4.54
2 3145.00 m80    4.09
2 3145.52 m32    5.07
2 3156.53 m100   4.00
2 3161.37 m100   4.16
3 3176.66 s10    5.34
2 3206.47 m7     6.14
1 3215.26 m5     3.98
2 3223.74  4    16.00
1 3223.79  4    16.00
2 3226.32 m16    4.90
1 3266.73 m55    3.86
2 3268.34 m14    3.82
2 3282.31 m26    5.11
2 3292.21 m38    4.87
2 3313.73 m34    4.16
2 3315.59 m20    4.16
2 3329.34 m13    4.86
2 3331.40 m140   3.71
2 3332.13 m85    4.78
2 3336.17 m110   3.72
2 3345.99 m60    3.71
2 3350.48 m550   3.85
2 3358.61 m140   3.72
2 3360.71 m80    3.72
2 3362.25 m550   3.77
2 3365.59 m20    3.72
2 3369.62 m15    4.78
2 3379.76 m22    4.95
2 3392.54 m110   3.73
2 3393.65 m15    4.97
2 3395.12 m55    4.90
2 3399.41 m20    4.03
2 3399.99 m55    4.00
2 3402.06 m55    4.92
2 3407.60 m110   4.24
2 3413.27 m22    4.97
2 3416.95 m140   4.05
2 3418.73 m140   3.62
2 3422.46 m700   3.86
2 3422.75 m40    3.76
1 3423.90 m110   3.74
2 3424.59 m85    3.97
2 3428.47 m22    4.87
2 3432.99 m70    3.97
2 3439.21 m170   3.99
2 3439.78 m85    4.03
2 3440.00 m280   3.85
2 3441.79 m11    4.03
2 3449.62 m40    3.62
2 3450.39 m140   4.09
1 3451.24 m110   3.98
2 3454.14 m55    3.73
2 3454.90 m90    3.61
1 3457.01 a2     3.65
2 3463.98 m280   4.01
2 3467.27 m170   4.00
2 3469.00 m170   4.00
2 3473.25 m140   3.60
2 3481.28 m220   4.16
2 3481.82 m170   4.05
2 3482.60 m50    3.99
2 3491.74 m11    3.54
2 3494.41 m170   3.62
2 3505.50 m140   4.03
2 3512.22 m80    3.96
2 3512.50 m110   4.78
1 3513.65 m85    3.65
2 3524.20 m100   3.54
2 3542.77 m55    4.16
2 3545.79 m440   3.63
2 3549.37 m400   3.73
2 3557.06 m140   4.09
2 3558.19 m55    4.54
2 3558.48 m44    4.09
2 3584.96 m550   3.60
2 3592.70 m110   4.79
1 3604.88 m110   3.65
2 3608.75 m85    4.57
2 3629.55 m26    4.59
2 3646.19 m600   3.63
2 3654.65 m380   3.47
2 3656.16 m300   3.53
2 3662.28 m140   3.38
2 3664.62 m260   0.00
2 3671.23 m200   3.46
1 3674.07 m100   3.46
1 3684.13 m200   3.36
2 3686.34 m70    3.36
2 3687.74 m300   3.71
2 3697.74 m200   3.38
2 3699.75 m130   3.70
2 3712.71 m260   3.71
1 3713.58 m200   3.36
2 3716.38 m140   3.36
1 3717.49 m200   3.40
2 3722.05 m24    5.05
1 3725.49 m42    0.00
2 3730.87 m150   3.70
1 3739.76 m48    3.44
2 3740.04 m32    0.00
2 3743.49 m440   3.46
1 3744.83 m60    3.52
1 3757.94 m100   3.36
2 3760.71 m60    3.72
1 3762.20 m85    3.42
2 3767.04 m85    3.72
2 3768.39 m850   3.36
2 3769.45 m60    3.71
2 3770.70 m140   0.00
2 3782.29 m100   0.00
1 3783.05 m280   3.40
2 3787.56 m110   3.76
1 3796.39 m500   3.33
2 3813.97 m360   3.25
1 3843.28 m140   3.44
2 3844.58 m140   3.37
2 3850.70 m320   3.00
2 3850.99 m500   3.22
2 3852.50 m420   3.25
1 3866.99 m150   3.42
2 3894.72 m140   3.18
2 3902.41 m70    3.60
1 3902.71 m28    3.30
1 3904.29 m22    3.20
1 3905.66 m42    3.39
1 3907.13 m6     0.00
2 3916.59 m200   3.77
1 3934.79 m110   3.22
1 3941.80 m42    3.36
1 3942.64 m55    3.17
1 3945.55 m130   3.27
2 3952.01 m28    3.28
1 3953.37 m55    3.20
2 3957.69 m110   3.73
2 3959.52 m70    3.86
2 3963.66 m20    0.00
1 3966.28 m55    3.34
1 3969.00 m70    3.15
2 3969.27 m25    3.72
1 3972.71 m36    3.12
2 3974.06 m55    3.71
1 3974.81 m28    3.33
1 3979.33 m70    3.14
2 3987.23 m42    3.60
1 3987.84 m44    3.11
1 3992.69 m30    3.17
2 3994.17 m60    3.62
2 3996.33 m65    0.00
2 4001.22 m44    3.61
1 4008.33 m30    3.21
2 4009.21 m10    0.00
1 4017.71 m40    3.95
1 4023.15 m100   3.29
1 4023.35 m75    3.15
1 4028.15 m100   3.94
1 4030.88 m80    3.94
1 4033.49 m65    3.97
2 4037.34 m130   3.73
2 4037.90 m65    3.62
1 4045.01 m150   3.06
2 4047.83 m15    0.00
2 4049.44 m120   3.72
2 4049.90 m200   0.00
2 4053.31 m75    0.00
1 4053.65 m240   3.18
1 4054.74 m75    3.06
1 4058.24 m240   3.08
1 4059.88 m60    3.95
1 4068.35  3    70.00
1 4068.44  3    70.00
2 4070.29 m70    3.60
2 4073.21 m60    3.47
2 4073.78 m28    3.86
2 4078.44 m120   3.64
1 4078.72 m260   3.11
1 4083.70 m48    3.90
2 4085.63 m140   3.77
2 4087.71 m24    0.00
1 4090.42 m60    3.06
1 4092.71 m100   3.24
2 4098.61 m240   3.85
2 4098.90 m48    3.62
1 4100.26 m60    3.15
2 4130.37 m200   3.73
2 4131.48 m25    0.00
2 4132.28 m100   3.60
1 4134.16 m70    3.06
2 4162.73 m50    3.47
2 4170.11 m12    3.39
1 4175.55 m220   3.18
2 4184.25 m220   3.45
1 4190.16 m6     0.00
1 4190.78 m200   3.08
2 4191.07 m70    3.38
1 4191.63 m70    3.08
2 4197.69 m42    0.00
2 4212.02 m120   3.36
2 4215.00 m90    3.36
2 4217.18 m60    3.60
1 4225.86 m450   3.14
2 4227.14 m20    3.53
2 4238.78 m60    0.00
2 4243.85 m17    0.00
2 4246.54 m19    4.05
2 4251.75 m160   3.29
2 4253.37 m80    3.47
2 4253.62 m60    0.00
1 4260.12 m75    2.98
1 4262.09 m150   3.75
1 4266.59 m60    3.03
1 4267.00 m44    2.93
1 4274.17 m28    2.90
2 4280.49 m85    3.25
1 4285.80 m40    3.70
1 4286.11 m28    3.11
2 4289.91 m5     0.00
2 4296.06 m50    3.38
2 4296.30 m13    4.54
2 4297.17 m20    0.00
2 4304.90 m12    0.00
1 4306.34 m100   2.88
2 4310.97 m8     3.36
1 4313.83 m170   2.90
1 4314.39 m48    3.80
2 4316.06 m48    3.53
1 4320.52 m34    3.75
2 4321.12 m70    3.47
2 4322.19 m12    3.25
2 4324.06 m12    4.00
1 4325.68 m240   2.93
1 4327.13 m180   2.86
1 4329.56 m34    3.70
2 4330.60 m32    3.38
2 4337.51 m13    5.05
2 4341.27 m42    3.28
2 4342.19 m85    3.45
1 4346.46 m200   2.97
1 4346.63 m85    2.88
2 4347.32 m20    4.17
2 4360.92 m15    3.26
1 4369.16 m15    0.00
2 4369.78 m28    3.21
1 4373.84 m90    2.90
2 4380.64 m13    3.99
2 4387.66 m17    3.25
2 4390.96 m14    3.25
1 4392.06 m26    3.75
2 4397.51 m17    0.00
1 4401.85 m130   3.03
1 4403.15 m48    3.80
2 4406.68 m24    4.24
2 4408.26 m24    3.36
1 4411.16 m48    2.88
1 4414.16 m80    3.86
1 4414.74 m65    2.93
2 4419.04 m32    3.29
2 4421.23 m13    4.12
1 4422.43 m100   2.83
2 4426.14 m5     3.18
1 4430.63 m100   2.80
1 4431.75 m8     3.78
2 4436.23 m22    4.52
2 4438.25 m15    3.45
2 4446.47 m7     3.28
2 4466.55 m28    3.29
1 4466.60 a20    3.64
1 4467.09 m48    0.00
2 4471.29 m10    4.06
1 4474.13 m65    0.00
1 4476.14 m80    2.77
2 4478.80 m20    3.36
2 4481.07 m26    3.36
2 4483.33 m20    3.83
2 4486.35 m6     5.07
1 4486.91 m26    2.98
1 4497.13 m46    2.88
2 4498.28 m16    3.18
1 4506.24 m40    2.82
2 4506.35 m13    3.25
2 4506.95 m5     3.17
2 4514.52 m13    4.12
1 4519.64 m100   2.77
2 4520.07 m6     4.06
2 4522.83 m28    4.17
1 4537.80 m85    2.80
2 4540.02 m20    5.05
1 4542.01 m28    2.76
1 4548.01 m22    0.00
2 4582.53 m12    3.76
1 4583.07 m38    3.63
2 4596.98 m20    3.22
2 4597.91 m30    3.29
1 4598.90 m38    3.58
2 4601.05 m32    3.25
1 4614.51 m48    3.53
1 4680.05 m24    3.58
1 4683.35 m40    3.63
1 4694.33 m65    3.69
1 4697.39 m40    3.43
1 4703.13 m16    0.00
1 4709.77 m19    2.76
2 4719.04 a1     3.18
2 4726.72 a1     5.09
2 4728.47 m14    3.72
2 4732.60 m20    3.71
2 4734.42 m4     3.28
1 4735.75 m24    3.43
1 4738.12 m6     0.00
1 4743.66 m38    3.45
1 4758.70 m30    3.48
1 4767.24 m44    3.53
1 4781.93 m17    2.72
1 4784.63 m28    3.94
2 4801.06 m13    3.71
2 4802.58 m3     3.18
2 4805.80 m2     3.64
1 4807.06 m20    3.98
1 4816.87 m5     4.04
1 4821.70 m30    0.00
2 4834.23 m8     3.71
1 4835.25 m12    2.69
1 4848.11 m10    0.00
1 4856.18 m4     0.00
1 4856.73 m6     0.00
1 4859.23 m7     3.90
1 4861.79 m7     3.95
1 4862.60 m10    3.86
2 4865.02 m16    3.70
1 4870.04 m8     0.00
1 4871.53 m11    3.83
2 4873.34 m3     3.71
2 4875.96 a2     4.75
1 4881.08 m8     3.94
1 4881.37 m6     4.09
2 4881.92 m2     4.79
1 4883.19 m8     3.81
1 4889.20 m2     0.00
2 4894.31 m8     3.70
1 4930.70 m6     0.00
1 4934.12 m26    3.98
1 4938.60 m20    4.06
1 4948.56 m4     0.00
1 4958.79 m12    3.90
1 4961.48 m3     0.00
2 4965.05 m2     4.90
1 4969.16 m9     3.81
1 4999.07 m7     3.83
2 5010.83 m6     3.53
1 5015.05 m70    3.52
2 5050.87 m6     4.05
2 5092.25 m9     4.16
2 5098.38 m12    4.05
1 5103.45 m85    3.41
2 5108.91 m17    4.08
2 5125.54 m11    3.85
2 5140.84 m8     3.98
1 5155.84 m80    3.33
2 5176.28 m18    3.45
1 5197.77 m38    3.27
1 5219.40 m26    3.22
1 5251.18 m30    3.41
1 5252.14 m11    3.20
1 5254.75 m8     3.15
1 5255.81 m13    3.17
1 5282.48 m5     3.66
1 5283.08 m26    3.33
1 5301.67 m26    3.26
1 5302.76 m20    3.15
1 5307.30 m26    3.21
1 5321.25 m4     3.14
1 5321.50 m12    3.12
1 5321.78 m26    3.17
1 5327.32 m10    3.61
1 5328.31 m6     3.59
1 5333.30 m16    3.67
1 5337.53 m5     3.61
1 5343.00 m28    3.71
1 5345.13 m8     3.13
1 5345.68 m7     2.44
1 5350.38 m28    3.86
1 5353.26 m22    3.78
1 5365.38 m9     3.62
1 5369.92 m9     3.15
1 5370.75 a5     3.12
1 5389.50 m8     3.61
1 5413.20 m8     3.17
1 5415.69 m8     3.22
1 5436.30 m4     3.27
1 5453.46 m6     3.67
1 5469.72 m4     3.15
1 5499.97 m3     3.72
2 5500.43 m3     3.62
1 5548.20 m2     3.78
2 5560.69 m3     3.60
2 5583.68 m5     3.28
1 5591.85 m5     4.03
1 5594.13 m3     3.96

