2  2254.01  m36   5.95
2  2255.15  m18   5.95
2  2266.83  m28   6.07
2  2277.16  m72   5.44
2  2322.47  m70   5.34
2  2351.22  m62   5.27
2  2393.27  m49   5.79
2  2393.83  m76   5.18
2  2405.42  m61   5.94
2  2410.14  m42   6.18
2  2417.69  m36   5.50
2  2447.25  m44   5.44
2  2460.49  m50   5.41
2  2464.19  m48   6.07
2  2512.86  m65   5.54
2  2513.88  m65   5.72
2  2516.88  m100  5.30
2  2571.67  m100  5.27
2  2606.37  m44   5.13
2  2607.03  m50   5.54
2  2622.74  m50   5.18
2  2638.71  m120  4.70
2  2641.41  m120  5.73
2  2647.29  m75   5.72
2  2738.76  m80   5.13
2  2773.36  m110  5.25
2  2820.22  m140  4.77
2  2822.68  m55   5.18
2  2861.01  m85   4.33
2  2861.70  m850  4.78
1  2866.37  m240  4.32
2  2975.88  m100  4.77
2  3012.90  m120  4.12
2  3031.16  m46   4.70
2  3109.12  m80   4.77
2  3134.72  m95   4.33
2  3253.70  m100  4.19
2  3255.28  m30   4.26
2  3352.06  m42   4.73
2  3399.80  m260  3.64
2  3438.24  m16   4.29
2  3478.99  m22   5.72
2  3644.36  m90   4.19
