2 2190.00 e15    1.00
2 2504.60 e5    27.65
3 2550.02 e6    30.57
3 2635.11 e5    30.57
3 2689.90 e5    30.57
2 2743.55 e8    27.65
2 2777.89 e3    27.17
2 2808.99 e5    27.65
1 2907.12  0     4.26
1 2916.05  0     4.25
1 2927.54 h2     4.23
3 2938.45 e5    29.93
1 2942.68 h5     4.21
1 2963.24 h8     4.18
3 2986.20 e5    30.02
1 2992.22 h15    4.15
3 2992.24 e6    29.85
1 3034.92 h30    4.09
3 3052.07 e6    29.92
3 3056.84 e5    30.02
2 3062.16 e10   26.76
1 3101.79 c4     3.99
1 3102.04 c3     3.99
2 3105.00 e15   26.70
3 3201.95 e6    30.24
3 3209.34 e6    30.24
1 3217.16 c6     3.86
1 3217.62 c6     3.86
3 3278.79 e6    29.49
3 3322.40 e6    29.44
2 3345.32 e15    0.00
3 3362.93 e7     0.00
3 3364.22 e6    30.24
2 3373.60 e15    0.00
2 3380.62 e15   26.99
2 3384.86 e15   27.17
2 3404.24 e15   26.35
3 3420.82 e6    29.49
2 3440.05 e20   27.17
1 3446.43 c11    3.60
1 3447.38 c10    3.60
3 3468.32 e6    29.44
2 3481.11 e15   26.70
3 3513.88 e5    29.49
2 3529.53 e5    26.76
2 3430.75 e20   24.15
2 3608.88 e10   26.76
2 3618.43 e15   23.55
1 3648.84 c3     3.40
1 3648.98 c4     3.40
2 3681.53 e15   23.49
2 3767.36 e15   23.52
2 3783.19 e15   23.51
2 3800.14 e15   26.40
2 3817.50 e20   26.35
2 3873.74 e10   23.46
2 3897.87 e30   23.31
2 3942.53 e15   26.65
2 3955.21 e15   23.52
2 3966.72 e15   23.57
2 3972.58 e15   23.51
2 3995.10 e15   23.25
2 4001.20 e20   23.56
2 4042.59 e15   23.51
1 4044.14 m32    3.06
1 4047.21 m16    3.06
2 4093.69 e10   26.35
2 4114.99 e15   23.23
2 4134.72 e20   23.13
2 4149.17 e20   23.45
2 4186.23 e30   23.09
2 4222.98 e20   23.56
2 4225.61 e20   23.31
2 4263.31 e20   23.13
2 4305.00 e20   23.32
2 4309.08 e20   23.50
2 4340.03 e10   23.23
2 4388.13 e20   23.45
2 4466.66 e10   23.24
2 4505.34 e15   23.13
2 4595.65 e10   23.14
2 4608.43 e30   23.31
1 4641.88 c10    2.67
1 4642.37 c11    2.67
2 4659.38 e10   23.11
1 4740.91 c4     4.22
1 4744.34 c6     4.22
1 4753.93 c5     4.22
1 4757.39 c7     4.22
1 4786.49 c5     4.22
1 4791.05 c7     4.20
1 4799.75 c6     4.22
1 4804.35 c8     4.20
2 4829.23 e40   22.70
1 4849.86 c7     4.17
1 4856.09 c8     4.16
1 4863.48 c8     4.17
1 4869.76 c9     4.16
1 4942.01 c8     4.12
1 4950.81 c9     4.11
1 4956.15 c9     4.12
1 4965.03 c10    4.11
2 5005.60 e30   22.71
2 5056.27 e20   22.71
1 5084.23 c10    4.05
1 5097.17 c11    4.04
1 5099.20 c11    4.05
1 5112.25 c12    4.04
1 5323.28 c12    3.94
1 5339.69 c13    3.94
1 5342.97 c12    3.93
1 5359.57 c14    3.93
2 5470.13 e15   22.71
1 6911.08 m2     3.41
1 6936.28 c12    3.40
1 6938.77 m5     3.41
1 6964.18 c7     3.40
1 6964.67 c12    3.40
1 7664.90 m2440  3.93
2 7698.96 m1553  1.60
