1 2304.59 a5    74.09
1 2304.92 a5    74.09
1 2305.36 a5    74.09
1 2305.83 a5    74.09
1 2306.29 a5    74.09
1 2306.82 a5    74.09
1 2307.44 a5    74.09
1 2308.97 a5    74.09
1 2309.88 a5    74.09
1 2310.94 a5    74.09
1 2312.11 a5    74.09
1 2313.49 a5    74.09
1 2315.08 a5    74.09
1 2316.95 a5    74.09
1 2319.18 a5    74.09
1 2321.88 a5    74.09
1 2325.11 a5    74.09
1 2329.02 a5    74.09
2 2330.00 c1    74.09
1 2333.94 a5    74.78
1 2340.15 a5    74.78
1 2348.22 a5    74.78
1 2358.93 a5    74.78
1 2373.54 a5    74.78
2 2381.60 c1    74.78
2 2383.26 c1    74.78
1 2394.39 h1     5.17
2 2410.85 c1    74.78
1 2425.43 h3     5.11
2 2430.00 c2    74.46
1 2475.06 h10    5.01
2 2507.00 c5    74.52
2 2508.83 c15   74.52
2 2539.40 c5    74.52
2 2551.70 c2    74.49
1 2562.31 h15    4.83
2 2605.10 c5    74.11
2 2657.30 c5    74.02
2 2674.40 c10   73.40
2 2728.40 c10   74.12
2 2730.50 c25   74.12
1 2741.20 m5     4.52
2 2767.00 c20   74.11
2 2790.39 c10   74.08
2 3029.10 c12   73.45
2 3155.40 c10   73.28
2 3195.80 c15   73.45
2 3199.43 c40   73.45
1 3232.66 m170   3.83
2 3249.90 c25   73.45
2 3306.30 c20   72.38
2 3684.10 c10   72.13
1 3718.70 h3     5.19
1 3794.72 h6     5.12
1 3915.35 h20    5.02
1 3985.54 h10    4.96
1 4132.62 h40    4.85
1 4273.13 h20    4.75
2 4325.70 c15   72.22
1 4602.89 m13    4.54
2 4671.80 c18   72.23
2 4678.20 c50   72.23
2 4788.50 c10   72.22
2 4881.30 c12   71.90
1 4971.75 m8     4.34
2 5038.20  0    61.27
2 5485.65 c50   61.27
1 6103.64 m20000  3.90
1 6707.84 m30000  1.90

