1 1995.11 g15    9.00
1 2039.85 g50    6.32
3 2056.84 i15   19.98
1 2062.79 g40    6.32
1 2074.79 g50    5.97
1 2136.65 s8    29.49
1 2164.16 g50    5.97
1 2332.81 g15    8.09
1 2413.52 g60    6.32
1 2459.54 i10   18.99
1 2547.98 g30    7.64
1 2665.50 s9    23.69
1 2685.78 i10   24.04
1 2724.33 m8     0.00  
1 2767.20 m20    0.50
1 2773.81 m10    0.04
1 2777.52 m20    0.00
1 2802.24 m15    4.40
2 2895.88 c6    14.68
1 2951.59 s6    23.69
2 2952.28 c6    14.59
2 2963.91 c6    14.79
2 3038.66 c10   14.48
2 3041.31 c10   14.79
1 3069.93 i5    19.57
1 3094.27 i4    19.38
2 3134.42 c6    16.39
2 3141.13 c10   14.55
1 3185.51 i5    19.42
2 3204.58 c5    14.48
1 3225.82 i5    23.82
3 3323.18 i5    19.38
3 3379.82 i15   19.38
3 3387.23 i30   19.98
3 3413.93 i30   19.42
3 3428.39 i15   18.99
3 3457.79 i30   19.75
3 3543.62 i20   19.03
3 3570.22 i15   19.19
3 3637.56 i30   19.57
3 3711.68 i15   18.99
3 3738.73 i30   19.03
3 3742.99 i15   18.69
3 3800.94 i30   19.42
3 3812.16 i10    0.00
3 3849.60 i10   19.38
3 3853.30 i15    0.00
3 3857.29 i20    0.00
2 3877.28 c5    15.79
3 3901.53 i30    0.00
3 3904.86 i15    0.00
3 3931.57 i30    0.00
3 3935.80 i30    0.00
3 3993.72 i15    0.00
2 4007.90 c6    17.77
3 4008.27 i30    0.00
3 4014.00 i15    0.00
2 4018.52 c6    17.47
3 4046.72 i20   19.38
2 4062.06 c6    17.84
2 4070.16 c15   17.64
3 4083.21 i10   18.69
2 4091.95 c6    17.62
1 4108.83 m2    17.00
2 4126.57 c7    17.17
3 4127.01 i20   19.98
2 4136.28 c6    17.47
3 4169.10 i30   18.69
2 4169.25 c2    17.65
2 4175.32 c20   17.36
2 4180.94 c30   17.57
2 4182.20 c1    17.64
2 4212.58 c6    14.92
2 4248.00 c10   17.47
2 4280.36 c5    16.39
2 4320.39 c10   16.88
1 4328.70 g12    9.18
2 4382.87 c15   16.26
2 4401.02 c6    16.26
2 4446.02 c15   15.05
2 4449.15 c10   14.60
2 4467.60 c15   15.01
2 4516.25 c4    14.56
3 4523.52 i15    0.00
2 4563.95 c6    15.03
2 4604.34 c10   14.93
2 4618.77 c5    14.68
3 4637.91 i10   18.99
2 4648.44 c6    14.48
1 4730.78 g50    8.59
1 4739.03 g40    8.59
2 4740.97 c6    15.05
1 4742.25 g30    8.59
2 4763.65 c10   14.60
2 4840.63 c15   14.56
2 4844.96 c20   14.79
2 4975.66 c5    14.93
2 4992.75 c3    14.48
2 5031.26 c4    17.07
2 5068.65 c6    14.68
1 5096.57 m2    14.00 
2 5142.14 c5    14.22
2 5175.98 c10   14.39
2 5227.51 c30   14.60
2 5253.07 c4    14.92
2 5271.22 c4    15.79
2 5305.35 c2    14.60
1 5365.47 g10    8.63
1 5369.91 g12    8.63
1 5374.14 g11    8.63
2 5455.58 c2    15.01
2 5522.42 c15   14.48
2 5566.93 c15   14.22
2 5591.16 c8    14.48

