1    2464.48  m1    1.00
1    2496.77  100   1.00
2    2543.24  500   1.00
2    2610.00  400   1.00
2    2647.02  300   1.00
2    3237.02  200   1.00
1    3466.29  250   3.89
1    3549.74  150   3.89
1    3636.10  400   3.73
1    3718.88  300   3.73
1    3746.87  200   3.77
1    3984.97  200   3.43
1    4031.63  300   3.39
1    4095.68  200   3.43
1    4238.19  300   2.91
1    4262.26  400   2.91
1    4262.67  100   4.28
1    4297.06  500   2.88
1    4740.59  200   3.92
1    4771.53  150   3.97
1    4820.75  150   4.66
1    5096.27  200   3.73
1    5589.01  300   1.00
1    5596.53  1     3.65
1    5620.45  200   1.00
1    6120.67  150   4.90
1    7817.67  150   1.00

