1 1994.80 m1400  0.00
1 2000.20  8     0.00
1 2001.59  2001 2001.59
1 2002.00 m2600  0.00
1 2070.90 h30    0.00
1 2047.74  2047 2047.74
1 2081.03 m650   0.00
1 2107.63  2107 2107.63
1 2142.75 m1800  5.78
1 2147.19 m140   0.00
1 2159.79 m36    0.00
1 2207.17  2207 2207.17
1 2208.83  9     6.92
3 2223.99 g10   21.52
1 2255.49  10    0.00
1 2259.02 m51    5.49
1 2265.52  10    0.00
2 2383.23 e20    0.00
1 2383.25 m110   5.78
1 2385.76 m150   5.78
4 2403.00 s8    25.16
1 2420.10  3     0.00
1 2431.71  3     0.00
2 2438.69 e10   15.23
3 2491.68 s10   22.11
1 2530.70 m12    5.49
4 2537.80 w10   25.21
4 2564.58 s9    25.16
2 2649.66 e15   15.23
2 2657.70 e6    15.22
2 2661.10 e12   15.20
1 2677.16 m11    0.00
2 2711.57 e20   15.13
1 2769.65 e20    5.78
2 2793.23 e30   14.59
4 2796.96 s10   20.32
3 2797.97 g10   20.83
2 2841.17 e20    0.00
1 2858.29  2858 2858.29
2 2861.00 e20   14.59
2 2868.41 e20    0.00
2 2895.41 e20    0.00
2 2919.89 e25   15.14
2 2942.11 e40   15.22
2 2946.68 e5    15.23
4 2949.47 s10   20.00
2 2956.48 e15   15.22
2 2967.29 e50    0.00
2 2973.67 e20   15.66
2 2975.90 e50    0.00
2 2997.04 e15   15.63
2 3006.35 e15    0.00
2 3012.02 e15    0.00
2 3017.58 e50    0.00
2 3023.31 e20   15.13
2 3047.00 e70   14.61
2 3053.16 e15   12.88
2 3073.56 e15   14.59
1 3175.11 m10    0.00
3 3213.26 g10   21.21
3 3260.91 g10   17.31
3 3264.78 g10   20.17
4 3277.43 s10   20.32
2 3278.71 e20   14.14
3 3307.02 g10    0.00
3 3313.81 g10    0.00
3 3325.52 g10   21.07
2 3352.10 e20   15.20
2 3362.79 e20    0.00
2 3406.79 e30   15.14
2 3442.25 e15   12.88
2 3455.12 e20   14.61
2 3456.88 e20   12.41
3 3474.67 g10   17.72
2 3480.32 e15   14.59
3 3496.23 g10   20.89
2 3521.11 e50   12.35
2 3552.19 e25    0.00
4 3585.27 s10   19.99
2 3611.78 e5    15.23
2 3617.57 e30   12.88
3 3626.63 g10   17.72
3 3647.53 g10   16.38
2 3725.67 e15   15.63
2 3775.72 e15   12.57
2 3797.22 e40   12.55
2 3905.67 e20    0.00
2 3918.53 e20   13.92
2 3947.98 e15   15.63
2 3969.22 e40   13.88
2 3975.93 e25   13.95
2 3981.77 e20   14.14
3 3984.48 g10   20.84
2 4006.52 e30   11.92
2 4011.69 e20   12.55
2 4047.17 e20   15.55
2 4048.88 e30   12.35
3 4054.89 g10   16.38
3 4062.01 g10   16.40
3 4097.38 g10   16.38
3 4181.42 g10   15.94
2 4261.11 e10    0.00
3 4302.12 g10   17.35
3 4355.70 g10   17.31
2 4364.00 e9    15.14
2 4478.63 e15   15.45
2 4557.78 e5    15.06
2 4602.41 e15   14.34
3 4633.14 g10   17.58
2 4654.37 e15   12.12
2 4686.91 e15   15.33
2 4696.38 e5    15.13
2 4706.53 e10   14.39
2 4766.05 e15   15.15
3 4783.30 g10   15.94
2 4783.49 e20    0.00
2 4831.27 e15    0.00
2 4864.09 e15    0.00
2 4865.12 e6    15.33
2 4866.24 e15   15.33
2 5311.13 e15   13.09
2 5367.16 e15    0.00
2 5410.45 e15   12.55
2 5449.84 e15   12.88
2 5465.16 e15   14.95
2 5479.08 e15   13.02
2 5487.95 e15   12.41
2 5576.35 e15   13.98
1 5733.61 c1   7.946
1 5768.77 c1   7.933
1 5789.19 c1   7.925
1 5874.75 c1   7.894
1 5895.57 c1   7.887
1 5914.09 c1   0.00
1 5920.73 c1   0.00
1 6005.46 c1   0.00
1 6033.62 c1   0.00
1 6035.15 c1   0.00
1 6133.33 c1   8.736
1 6147.88 c1   8.736
1 6256.07 c1   0.00
1 6406.20 c1   0.00
1 6447.43 c1   0.00
1 6456.80 c1   0.00
1 6462.98 c1   8.638
1 6606.46 c1   8.638
1 7058.464 c1  8.476
1 7230.099 c1  8.476
1 7972.458 c1  8.458
1 7972.848 c1  8.458
1 8061.346 c1  8.458
1 8277.060 c1  8.302
1 8290.935 c1  8.299
1 8491.877 c1  8.175



