2 2001.70 m480   6.58
2 2008.07 m1100  6.76
2 2009.98 m340   6.35
2 2010.23 m340   6.56
2 2014.23 m340   0.00
2 2026.08 m600   6.70
2 2029.98 m1200  6.86
2 2035.03 m220   0.00
2 2037.58 s4     7.94
2 2043.52 s3     7.73
2 2049.63 m440   6.23
2 2054.68 s5     6.61
2 2065.57 m190   6.58
2 2067.52 s3     6.76
2 2071.21 m280   6.38
2 2075.59 m170   7.05
2 2078.32 s4     7.06
2 2079.11 m800   6.72
2 2088.19 m300   6.33
2 2089.14 m170   6.52
2 2093.80 s2     7.23
2 2094.75 m500   6.10
2 2098.22 s3     7.57
1 2098.25 a7     6.67
2 2098.60 m200   6.09
2 2100.67 m180   5.90
2 2106.18 m120   6.06
2 2110.34 m120   6.95
2 2116.94 s1     6.61
2 2118.87 m170   5.84
2 2121.59 m200   6.23
2 2135.04 s2     7.47
2 2138.15 s3     6.55
2 2152.14 s3     6.84
2 2156.42 s2     7.60
2 2163.90 s3     7.57
2 2166.32 m120   6.30
1 2169.48 a10    6.31
2 2169.94 s4     5.90
2 2173.54 s2     6.78
2 2178.72 s5     7.74
2 2178.92 s3     7.92
2 2180.46 s4     7.74
2 2182.23 s4     6.07
2 2183.32 s4     7.91
2 2185.42 s5     7.73
2 2185.75 s4     8.21
2 2186.73 s4     6.43
2 2189.19 s3     6.74
2 2189.36 s4     5.85
2 2189.49 s5     6.05
2 2189.85 s8     7.82
2 2193.44 s4     6.23
2 2193.54 s4     7.05
2 2194.52 m36    5.64
2 2198.68 s6     7.04
2 2203.99 s7     7.44
2 2204.48 m110   6.38
2 2206.59 s8     6.71
2 2206.92 s3     7.28
2 2207.99 s4     7.28
2 2208.81 s4     8.04
2 2216.01 s4     5.98
2 2219.72 s2     7.63
2 2220.94 s6     7.42
2 2225.89 s8     5.57
2 2226.56 s6     6.33
2 2226.77 s7     0.00
2 2228.88 s8     0.00
2 2229.63 s10    5.75
2 2231.08 s4     7.61
2 2235.64 s3     6.30
2 2237.06 s10    7.59
2 2241.08 s5     6.62
2 2245.21 s4     6.10
2 2247.67 s4     8.00
2 2248.26 s4     6.09
2 2248.75 m38    5.51
2 2250.73 s5     5.90
2 2251.14 s4     6.09
2 2256.85 s3     7.16
2 2258.12 s3     7.97
1 2260.07 a10    5.69
2 2263.53 s8     7.64
2 2264.18 s4     7.63
2 2265.34 s4     7.35
2 2266.12 s8     6.05
2 2266.25 s8     6.78
2 2270.24 m15    5.64
1 2277.58 m41    5.43
2 2277.98 s4     7.50
2 2278.11 s3     6.52
2 2280.30 s3     7.92
2 2282.20 s8     7.59
2 2284.62 s4     7.44
2 2294.54 m23    5.98
2 2301.64 s3     6.70
2 2303.83 m20    5.56
2 2306.92 s4     7.04
2 2315.02 m16    5.75
2 2326.09 m25    6.09
2 2328.31 m5     5.51
1 2331.30 m16    6.82
2 2333.77 m11    5.50
1 2337.74 a5     5.89
2 2339.16 s3     6.61
2 2341.37 s4     5.88
2 2358.81 m5     5.64
1 2360.43 m50    5.65
1 2363.06 m68    5.44
2 2363.91 s3     7.61
2 2364.22 m5     7.10
2 2370.04 s1     7.77
2 2370.60 s1     7.59
2 2372.61 s3     7.28
2 2374.45 m18    5.82
1 2382.99 m17    5.96
1 2384.82 m55    5.97
2 2390.37 m9     6.10
2 2390.89 s3     6.58
1 2392.93 m9     6.82
2 2397.09 m65    5.56
1 2397.72 m47    5.58
1 2397.98 m47    5.58
2 2401.86 s1     7.04
1 2402.44 m9     6.86
2 2404.24 m6     6.26
1 2405.26 m4     6.80
1 2405.58 m140   5.36
1 2405.69 a3     5.74
2 2407.79 s1     6.99
2 2408.28 s2     7.63
2 2409.23 s2     6.46
2 2409.49 s2     0.00
2 2411.81 s3     6.95
2 2414.81 s3     7.36
1 2415.68 m51    5.33
2 2419.35 m4     7.61
2 2420.99 m4     6.78
1 2424.22 m91    5.70
1 2431.08 m65    5.51
1 2433.98 m66    5.69
2 2435.01 m6     7.63
1 2435.96 m190   5.68
1 2436.62 m26    5.50
2 2440.43 s2     6.71
1 2443.62 m10    7.18
1 2444.06 m57    5.26
2 2446.39 m16    5.98
2 2448.22 s5     7.92
1 2448.39 m28    6.57
2 2449.69 s2     7.63
1 2451.34 m28    6.56
1 2451.48 m80    5.26
1 2452.00 m90    5.04
1 2454.71 m44    6.90
1 2454.97 m65    5.64
1 2455.50 m80    5.82
2 2455.87 s4     7.59
1 2456.53 m80    5.46
2 2458.57 s3     6.35
1 2459.30 m110   5.44
2 2459.88 s3     7.05
1 2462.79 m50    5.62
1 2464.31 m28    5.43
2 2464.63 s4     6.43
1 2465.20 m10    7.12
2 2465.64 s2     8.27
2 2465.96 s3     7.42
2 2466.52 m24    5.21
1 2466.85 m140   5.43
2 2468.41 s1     7.09
2 2470.80 m8     7.59
2 2471.74 s4     7.55
1 2472.51 m50    5.60
1 2474.15 m120   5.78
2 2475.59 s5     0.00
2 2477.80 m30    5.76
1 2480.13 m90    5.20
1 2480.95 m40    5.20
1 2481.44 m160   5.76
2 2481.55 s3     7.05
1 2482.10 m50    5.36
2 2484.00 s2     6.87
2 2484.40 m3     7.47
1 2484.74 m60    6.48
1 2486.30 m13    0.00
1 2487.49 m40    5.58
2 2488.12 s3     7.04
2 2488.77 m28    5.90
2 2489.23 m40    5.56
2 2492.93 m8     6.81
1 2495.26 m65    5.17
1 2496.64 m24    6.61
2 2497.48 m10    5.72
2 2499.22 s2     7.35
1 2499.44 m10    6.60
2 2499.69 m14    5.88
2 2500.11 m4     7.19
1 2504.70 m70    5.15
1 2506.03 m28    6.64
2 2506.04 s8     8.44
2 2507.99 s3     6.99
2 2509.96 s4     7.42
1 2510.16 m26    6.81
2 2510.47 m8     7.30
2 2513.45 s3     8.27
2 2515.32 s3     6.33
2 2518.14 m6     6.23
2 2519.44 s3     6.58
1 2519.88 m10    0.00
1 2520.45 m32    6.79
1 2521.32 m80    5.28
2 2522.04 m28    5.50
1 2523.41 m80    5.51
1 2527.77 m44    0.00
2 2528.91 s2     6.76
1 2530.99 m2     5.26
1 2533.63 m80    5.10
1 2533.98 m3     6.80
2 2534.14 s3     7.30
2 2534.83 m5     7.47
2 2536.00 s4     6.52
2 2537.15 s3     7.96
2 2539.31 m7     6.55
2 2542.60 s3     8.06
1 2545.34 m60    5.28
2 2546.28 s3     0.00
1 2547.14 m120   5.28
1 2550.37 m80    5.07
1 2551.35 m280   4.86
2 2552.36 s4     8.10
1 2553.16 m18    5.45
1 2553.82 m46    5.45
2 2554.67 s7     7.60
1 2554.86 m42    6.35
2 2555.09 m60    5.24
1 2556.74 m32    5.05
2 2559.50 s4     6.70
1 2560.12 m30    6.71
1 2561.96 m75    5.44
2 2563.16 m24    6.99
2 2563.91 m11    6.24
2 2567.61 s3     5.75
2 2568.85 s3     7.19
1 2569.25 m20    6.32
2 2571.45 m55    5.21
1 2573.53 m20    6.46
2 2576.17 s3     6.62
2 2576.36 s4     6.87
1 2577.03 m14    6.67
2 2579.26 m20    0.00
2 2579.54 s10    5.72
1 2580.33 m30    5.17
1 2580.49 m90    5.01
2 2581.20 m4     5.56
1 2584.38 m40    6.90
2 2585.96 s3     7.16
1 2586.94 m12    6.30
2 2589.17 m40    5.55
2 2595.57 s1     8.27
2 2596.86 s1     7.35
2 2598.74 m11    5.85
2 2601.43 s3     6.43
1 2601.96 m38    5.35
2 2602.51 m8     0.00
2 2603.02 m8     6.81
1 2603.54 m28    5.36
1 2606.39 m70    4.76
2 2606.47 s4     7.63
1 2607.38 m33    4.96
1 2608.32 m38    5.52
2 2609.25 s4     7.61
1 2612.19 m19    7.18
1 2613.07 m100   5.15
1 2613.82 m50    5.10
1 2615.12 m24    5.51
2 2615.45 m7     6.62
2 2618.08 s1     7.81
1 2619.18 m26    6.58
1 2620.23 m50    5.09
2 2620.76 s3     6.58
1 2622.21 m50    6.58
2 2623.11 s5     7.30
2 2623.89 s1     7.63
2 2624.48 s2     7.60
1 2625.22 m50    5.32
1 2628.25 m26    4.92
2 2629.00 s4     6.38
1 2632.49 m50    6.22
1 2632.70 m50    5.07
1 2633.13 m100   4.91
2 2633.88 s3     6.87
2 2634.58 s3     6.76
2 2635.38 s3     6.56
1 2636.55 m36    5.07
2 2637.57 s3     6.70
1 2638.61 m50    7.08
1 2643.12 m20    6.40
2 2643.29 s3     6.35
1 2645.69 m26    6.55
1 2646.19 m80    6.60
1 2646.74 m50    5.28
2 2647.74 m9     7.81
2 2651.88 s3     7.04
2 2653.42 m5     6.72
2 2653.57 m10    5.25
1 2656.54 m200   5.43
1 2657.38 m50    5.26
2 2658.04 m50    4.85
2 2662.21 s3     7.19
1 2662.84 m100   5.06
2 2664.32 m20    6.81
1 2664.96 m32    4.86
2 2666.08 s4     8.14
2 2666.49 m9     5.57
1 2669.30 m26    6.30
2 2670.40 s5     6.70
1 2671.47 m100   5.23
2 2673.59 m10    6.87
1 2677.28 m80    5.04
2 2677.79 m20    5.21
1 2678.88 m50    4.98
2 2679.64 s7     6.48
1 2681.41 m260   4.98
1 2683.34 m36    6.13
2 2683.51 s3     0.00
2 2683.63 s3     7.57
2 2685.05 s3     7.47
2 2686.99 s17    7.36
1 2687.37 m10    6.96
1 2688.22 s4     6.25
2 2690.71 s4     0.00
1 2691.09 m26    5.20
2 2694.38 s6     6.62
2 2694.59 s7     7.57
2 2694.99 s3     6.61
1 2695.67 m80    5.00
2 2696.90 s4     0.00
1 2697.51 m16    4.96
2 2697.71 m26    4.78
1 2699.59 m80    5.36
1 2700.01 m50    6.08
2 2700.31 s5     7.47
2 2701.48 s6     6.43
2 2702.11 s25    7.00
1 2702.52 m26    7.01
2 2703.06 s6     7.46
2 2703.46 s12    8.44
2 2705.60 s4     7.16
1 2706.58 m50    6.23
2 2706.70 s5     5.50
2 2707.02 m5     8.21
1 2708.58 m50    6.44
1 2708.79 m50    4.78
2 2709.58 m10    6.43
2 2710.79 m5     6.58
2 2712.70 s5     7.52
2 2715.34 s8     6.62
1 2715.50 m50    5.33
2 2716.32 m10    6.38
2 2716.89 s4     7.10
2 2717.17 s4     6.72
2 2718.04 m10    6.62
1 2718.90 m260   4.92
1 2719.33 m40    6.58
1 2719.86 m26    4.92
2 2720.40 s3     6.62
2 2720.59 s4     5.63
1 2721.67 a9     6.93
2 2722.81 s7     6.43
2 2724.08 s6     7.43
1 2724.35 m320   4.92
1 2724.63 m26    5.32
1 2725.03 m50    4.96
2 2729.63 m10    5.63
2 2729.94 s3     6.35
1 2733.18 m10    5.72
2 2733.45 s4     7.02
2 2734.77 s4     7.61
2 2739.38 s3     7.28
2 2740.79 m9     7.47
2 2742.47 s3     7.47
2 2742.90 s4     6.95
2 2745.03 s3     7.42
1 2746.74 m10    6.42
1 2748.85 m80    5.11
2 2752.24 s3     7.47
2 2753.05 m20    6.56
2 2760.74 m5     6.88
2 2761.59 m10    5.57
1 2762.35 m50    4.47
2 2764.27 m50    4.48
2 2764.77 s5     7.82
2 2766.32 s4     8.00
2 2766.98 s4     7.43
2 2768.33 s5     5.88
1 2768.99 m26    4.67
1 2769.74 m50    5.07
1 2770.88 m100   4.83
1 2772.48 m60    6.82
1 2773.70 m26    0.00
1 2774.00 m100   5.07
2 2774.09 s3     7.81
1 2774.48 m100   5.23
2 2776.50 m20    6.30
2 2777.87 s3     7.04
2 2778.69 m5     6.52
1 2780.28 m10    6.88
2 2782.14 s8     6.62
2 2785.63 s5     6.81
2 2786.31 s2     5.85
1 2787.98 m26    4.86
2 2790.42 s5     7.35
1 2791.95 m42    5.95
1 2792.70 m100   4.80
2 2799.03 m10    6.30
1 2799.92 m50    4.84
2 2801.05 m20    6.09
2 2805.92 m16    6.43
2 2808.47 s4     6.99
2 2808.94 s5     7.16
2 2812.25 m5     6.07
2 2814.80 s3     6.81
1 2818.06 m100   5.16
2 2819.05 s1     6.25
2 2821.80 s4     6.78
2 2822.57 m20    6.05
1 2829.83 m32    6.02
2 2830.06 s8     6.23
2 2831.24 s4     6.43
1 2831.38 m200   4.73
1 2833.63 m100   5.13
2 2834.21 s5     6.43
1 2835.64 m26    4.74
2 2847.13 s2     6.58
1 2848.03 m100   4.71
2 2852.10 s7     8.14
1 2853.49 m10    6.24
1 2856.03 m80    4.55
2 2859.48 s3     5.65
1 2866.06 m80    4.73
2 2868.73 s8     6.38
2 2878.32 s4     7.28
1 2878.72 m28    4.72
1 2879.11 m75    4.67
1 2879.39 m75    4.30
2 2886.90 s4     5.21
2 2889.77 s5     7.36
1 2896.01 m55    4.49
1 2896.45 m190   4.63
2 2903.50 s5     7.61
2 2904.07 s8     6.81
1 2910.48 m28    4.67
1 2911.00 m34    4.26
2 2913.75 s3     6.30
2 2914.27 s3     6.79
1 2918.25 m44    5.02
2 2918.63 m6     5.65
1 2923.10 m44    4.84
1 2923.54 m28    4.61
2 2924.98 s4     6.81
1 2925.12 m28    6.15
2 2925.81 s13    8.44
2 2931.90 s4     7.47
1 2934.99 m85    4.42
2 2936.67 m6     7.08
2 2939.76 s4     5.85
2 2940.20 s6     5.88
1 2944.40 m300   4.57
1 2946.98 m300   4.57
2 2950.44 s4     7.28
2 2952.29 m26    5.51
2 2961.02 s5     5.50
1 2964.52 m55    4.55
2 2974.38 s3     5.57
2 2976.48 s5     5.24
2 2977.58 s4     7.96
1 2979.72 m90    0.00
2 2987.29 s6     5.24
1 2993.61 m50    4.91
1 2994.70 s6     5.20
1 2995.26 m30    4.74
1 2997.79 m24    4.55
2 2998.69 s5     0.00
2 3000.62 s5     5.98
2 3002.28 s4     6.62
2 3008.95 s3     7.64
1 3009.08 m24    4.72
2 3010.76 s8     6.48
1 3013.79 m44    4.71
2 3014.61 s3     7.02
1 3016.47 m65    4.88
2 3017.15 s3     7.08
1 3017.44 m95    4.47
2 3022.00 s8     5.76
2 3022.67 s3     6.58
2 3024.50 m13    5.50
1 3024.92 m26    4.30
1 3026.68 m38    6.55
1 3033.58 m20    5.59
2 3036.66 s5     5.74
2 3039.58 s2     6.09
1 3041.74 m55    5.99
1 3043.81 m34    4.67
1 3046.45 m35    4.28
2 3048.60 s4     6.43
1 3049.69 m100   4.43
2 3049.85 s5     5.88
2 3051.29 s25    5.72
2 3063.41 s1     6.95
2 3063.97 s3     6.10
2 3066.98 s6     6.05
2 3067.57 s5     6.62
2 3067.86 s6     6.43
2 3069.29 s8     6.09
2 3071.73 s5     5.85
2 3072.74 s3     6.09
1 3073.28 m22    4.80
2 3077.52 m14    7.00
2 3081.04 s4     6.38
1 3084.82 m22    6.14
2 3087.39 s5     5.65
1 3093.51 m46    4.61
2 3095.87 s5     6.23
2 3100.74 s5     6.05
2 3102.20 s5     6.43
2 3103.52 s1     5.85
1 3107.23 m30    4.40
1 3108.02 m30    4.35
2 3108.78 s6     6.87
2 3110.69 s4     6.52
1 3111.12 m8     5.89
2 3112.86 s5     7.36
1 3117.58 m28    5.62
1 3120.18 m32    4.74
2 3126.42 s4     6.82
2 3127.75 s5     7.30
2 3128.98 s4     6.75
2 3129.68 s3     0.00
1 3133.89 m20    5.66
1 3141.42 m16    5.45
2 3144.49 s3     6.30
2 3145.77 s20    5.99
2 3149.85 m8     5.56
2 3151.29 s12    6.81
2 3152.47 s10    6.84
1 3155.10 m8     6.18
2 3160.03 s20    5.76
1 3163.42 m36    5.78
1 3164.44 m16    5.57
2 3164.79 s3     6.87
1 3165.38 m16    6.16
1 3169.93 a8     6.32
1 3170.20 m12    4.26
2 3175.95 s20    5.56
1 3176.59 m40    4.11
2 3177.21 s12    5.56
2 3178.02 s6     5.21
1 3179.06 m16    6.09
2 3179.44 s12    5.56
2 3180.06 s6     6.87
1 3181.81 m24    5.93
2 3182.19 s3     8.10
1 3184.04 m16    6.14
1 3184.42 m16    4.30
2 3187.13 s4     0.00
2 3189.24 m8     5.76
1 3191.57 m48    3.88
1 3198.84 m48    4.47
2 3201.58 s6     4.96
2 3203.34 s1     5.75
2 3203.43 s3     5.72
2 3204.40 s3     6.61
2 3206.41 s6     5.88
1 3207.25 m65    4.23
1 3208.28 m17    4.28
2 3209.96 s8     6.61
2 3215.28 s4     6.95
1 3215.56 m130   4.63
2 3215.65 s3     5.25
2 3216.31 s3     6.43
1 3221.21 m17    6.09
1 3221.91 m17    4.26
1 3232.49 m24    4.61
1 3237.09 m17    5.01
2 3237.68 s3     7.47
1 3242.02 m17    6.48
2 3243.01 s4     6.61
2 3243.34 s10    5.87
2 3249.85 s3     6.56
1 3251.23 s4     5.32
1 3252.29 m17    0.00
1 3254.36 m26    5.68
2 3255.01 s3     7.19
1 3259.44 m17    6.05
1 3259.66 m26    4.40
2 3262.28 s6     7.35
1 3266.62 m26    0.00
2 3267.43 s4     0.00
2 3268.35 s3     6.87
1 3281.94 m18    0.00
2 3286.57 s8     4.86
1 3293.71 m18    5.27
2 3298.28 s4     7.28
1 3300.82 m90    4.36
2 3304.55 s8     6.23
2 3308.34 s6     6.99
1 3311.38 m55    6.12
2 3317.40 s2     6.62
1 3326.19 m55    4.50
1 3331.67 m55    4.08
2 3338.62 s3     5.57
2 3339.03 s3     5.76
2 3342.46 s12    5.56
2 3343.10 s6     5.76
2 3343.41 s8     5.55
1 3345.86 m9     5.36
2 3348.29 s8     6.96
2 3348.88 s4     6.49
2 3350.63 s3     6.23
1 3354.45 m18    4.29
2 3358.60 s20    5.74
2 3361.11 s10    4.78
2 3363.72 s3     5.50
2 3366.72 s3     6.75
1 3371.05 m19    4.28
1 3373.75 m48    4.09
2 3374.87 s3     5.72
2 3376.14 s30    5.55
2 3379.02 s4     5.72
2 3382.60 s4     6.05
2 3383.12 s5     7.30
2 3398.92 s12    5.88
2 3401.89 s30    5.50
2 3402.19 s4     6.74
2 3406.59 s2     7.27
2 3406.82 s4     4.95
2 3410.17 s3     6.75
2 3412.74 s3     5.98
1 3412.96 m19    4.23
1 3413.54 m19    4.00
2 3416.62 s10    0.00
2 3421.13 s4     6.70
1 3422.43 m19    0.00
2 3424.45 s5     6.05
1 3427.72 m19    5.27
1 3429.60 m28    6.04
2 3440.63 s20    7.75
1 3443.01 m30    5.11
2 3449.87 s10    5.25
2 3452.49 s3     5.25
2 3455.02 s3     6.84
2 3460.42 s1     5.99
1 3463.25 m10    3.94
2 3463.51 s15    5.24
2 3475.29 s8     7.36
1 3477.95 m20    0.00
2 3486.12 s5     5.57
2 3490.31 s4     5.57
2 3490.93 s5     5.21
2 3492.06 s4     6.43
1 3495.25 m50    5.99
2 3503.66 s3     6.61
2 3508.66 s5     5.76
1 3508.74 m20    3.90
1 3510.03 m20    3.90
2 3525.73 s3     5.75
1 3526.85 m20    5.17
2 3527.04 s3     6.09
2 3529.56 s10    5.56
1 3535.55 m20    5.15
2 3536.27 s8     6.62
1 3537.45 m20    5.37
1 3545.23 m80    3.50
2 3549.05 s15    5.55
2 3555.17 s12    5.50
2 3557.92 s3     6.23
1 3568.04 m20    5.39
1 3570.66 m30    3.89
2 3572.48 m10    4.78
1 3575.23 m20    5.57
2 3592.42 m10    4.85
2 3596.18 s3     6.70
1 3606.07 m30    3.64
2 3611.86 s2     7.63
2 3613.79 m10    5.24
1 3617.52 m240   3.80
1 3622.34 m20    5.81
1 3627.24 m16    5.07
1 3628.38 a10    5.80
2 3628.41 s3     5.99
2 3628.93 s3     6.52
2 3631.95 m40    3.61
2 3641.41 m30    4.48
2 3645.60 s10    5.25
2 3646.53 m10    5.21
2 3657.59 m10    4.48
2 3657.88 s4     5.24
2 3672.59 s2     5.78
1 3675.56 m20    4.88
1 3682.09 m80    4.14
1 3683.31 m50    5.63
1 3683.94 m20    5.79
1 3688.07 m70    5.80
2 3691.88 s4     5.75
2 3694.51 s4     5.30
1 3707.93 m95    3.70
2 3708.51 s6     5.88
2 3712.21 s1     6.09
2 3716.08 m7     5.21
1 3722.25 m10    5.76
2 3736.21 m6     5.55
1 3741.71 m14    5.16
1 3742.69 m9     6.08
2 3745.56 s4     6.05
1 3756.87 a20    5.88
1 3757.92 m60    3.90
1 3760.13 m80    3.70
1 3768.45 m120   3.48
1 3769.21 m14    5.14
1 3769.87 m14    5.20
1 3773.71 m40    4.98
2 3774.14 s1     6.23
1 3780.77 m120   3.64
1 3792.77 m20    4.92
1 3809.23 m34    3.60
1 3810.39 m22    5.49
1 3817.48 m160   3.60
1 3824.39 m11    5.66
1 3835.05 m120   3.64
1 3838.50 m32    4.74
1 3846.21 m80    3.42
1 3847.49 m28    3.22
2 3851.57 m3     4.85
1 3855.54 m16    4.92
1 3859.29 m16    5.46
2 3859.98 s1     5.74
1 3864.34 m20    3.62
1 3867.98 m200   3.57
1 3872.83 m28    3.61
1 3881.39 m80    3.80
1 3897.91 m15    0.00
2 3900.91 s1     6.56
2 3935.44 s1     4.78
1 3936.99 m13    5.49
1 3953.16 m18    5.59
1 3955.31 m22    5.57
1 3965.14 m18    5.91
1 3968.59 m14    5.51
1 3970.80 m17    0.00
1 3979.29 m14    4.76
1 3980.64 m14    5.56
1 3983.29 m28    5.56
2 4001.89 s1     7.30
1 4008.75 m950   3.45
1 4015.22 m60    5.52
1 4016.53 m19    0.00
1 4019.23 m24    3.48
1 4022.12 m14    5.50
1 4028.79 m20    4.26
1 4036.86 m20    5.46
1 4039.86 m15    5.42
1 4044.29 m15    6.32
1 4045.60 m100   3.42
1 4064.79 m20    5.43
1 4069.80 m16    5.50
1 4069.95 m80    3.64
1 4070.61 m38    3.25
1 4074.36 m550   3.40
2 4081.30 s1     4.85
1 4082.97 m16    5.42
1 4095.70 m11    5.13
1 4102.70 m110   3.80
1 4109.76 m16    4.66
1 4126.80 m17    5.39
1 4137.46 m60    3.41
1 4138.02 m17    4.64
1 4142.26 m12    5.23
1 4145.16 m15    4.64
1 4154.68 m18    5.28
1 4157.04 s1     5.21
1 4168.66 m10    5.23
1 4170.54 m18    5.23
1 4171.19 m50    3.56
2 4175.58 s1     4.78
1 4203.82 m10    4.45
1 4204.41 m18    5.33
1 4207.05 m24    5.38
1 4219.38 m28    3.70
1 4222.06 m12    4.80
1 4226.92 m6     5.38
1 4234.35 m16    5.30
1 4241.45 m32    4.83
1 4244.37 m60    5.88
1 4258.53 m6     5.02
1 4259.36 m32    5.56
1 4260.29 m22    5.15
1 4263.32 m22    5.76
1 4266.54 m6     5.86
1 4269.39 m150   3.26
1 4269.78 m12    5.16
1 4274.55 m24    5.38
1 4275.49 m18    5.13
1 4276.75 m18    5.32
1 4286.01 m12    4.54
1 4294.10 m12    4.53
1 4294.61 m450   3.25
1 4302.11 m240   3.24
1 4306.88 m18    5.94
1 4316.81 m6     0.00
1 4332.13 m12    4.71
1 4347.00 m11    5.23
1 4348.12 m6     5.44
1 4355.17 m17    4.35
1 4361.82 m11    3.61
1 4364.79 m17    3.25
1 4372.53 m17    3.23
1 4378.49 m22    3.43
1 4384.86 m20    4.73
1 4389.84 m6     5.28
1 4394.08 m9     5.06
1 4403.95 m11    0.00
1 4408.28 m22    6.12
1 4412.20 m14    3.21
1 4415.08 m5     5.07
1 4420.47 m10    5.18
1 4425.91 m5     5.07
1 4436.90 m18    5.39
1 4438.30 m5     5.13
1 4441.81 m8     4.91
1 4445.15 m10    4.64
1 4449.01 m10    4.29
1 4455.47 m4     5.16
1 4456.11 m4     0.00
1 4458.09 m5     4.42
1 4460.50 m15    4.47
1 4463.50 m8     5.74
1 4466.35 m15    4.42
1 4466.73 m15    0.00
1 4481.28 m5     0.00
1 4484.19 m70    2.96
1 4493.97 m8     5.13
1 4494.51 m9     5.13
1 4495.31 m5     4.62
1 4504.86 m18    4.25
1 4512.91 m14    4.98
1 4513.30 m10    4.39
1 4529.76 m4     5.52
1 4530.47 m4     4.24
1 4534.71 m7     5.18
1 4535.05 m9     5.18
1 4536.66 m7     5.43
1 4542.89 m4     4.64
1 4543.51 m17    5.38
1 4546.49 m17    4.98
1 4551.85 m16    4.38
1 4556.87 m4     5.68
1 4563.59 m8     5.17
1 4570.66 m15    5.56
1 4586.85 m7     3.88
1 4588.75 m19    5.94
1 4592.42 m8     5.13
1 4592.58 m6     4.35
1 4599.96 m15    5.76
1 4600.14 m3     4.96
1 4609.92 m15    4.60
1 4613.32 m18    5.07
1 4620.55 m3     5.10
1 4634.81 m6     4.71
1 4641.80 m3     5.49
1 4642.56 m10    4.38
1 4646.15 m3     5.04
1 4657.44 m13    6.12
1 4659.87 m65    2.65
1 4661.97 m3     4.57
1 4668.46 m4     4.57
1 4676.63 m5     5.07
1 4677.69 m6     5.10
1 4679.04 m3     4.91
1 4680.52 m65    3.24
1 4683.55 m4     5.10
1 4693.73 m10    5.94
1 4698.63 m3     5.10
1 4700.41 m5     5.23
1 4702.47 m3     4.98
1 4706.17 m2     4.66
1 4711.19 m2     5.01
1 4712.49 m4     4.47
1 4720.40 m2     4.26
1 4725.14 m5     5.01
1 4729.65 m8     4.26
1 4745.57 m2     4.85
1 4757.55 m14    4.98
1 4757.78 m2     4.46
1 4758.21 m2     5.56
1 4773.91 m3     4.30
1 4787.94 m2     4.24
1 4788.43 m2     4.62
1 4797.55 m2     5.03
1 4799.92 m8     5.02
1 4807.37 m5     4.08
1 4835.02 m2     5.10
1 4843.83 m80    2.97
1 4854.09 m4     4.20
1 4858.61 a2     4.25
1 4878.28 m2     4.78
1 4886.91 m38    3.30
1 4888.39 m1     4.24
1 4890.29 m1     6.03
1 4892.44 m3     5.32
1 4902.32 m3     4.91
1 4916.18 m3     4.38
1 4931.56 m4     4.42
1 4948.59 a2     4.62
1 4953.09 m3     4.96
1 4972.57 m1     4.88
1 4979.85 m5     4.75
1 4982.60 m20    2.48
1 4983.54 m3     0.00
1 4984.72 m2     4.83
1 4986.94 m6     4.35
1 4989.09 m2     0.00
1 4994.10 m1     0.00
1 5002.80 m1     5.01
1 5006.16 m30    3.24
1 5007.23 a2     4.91
1 5013.46 a2     5.07
1 5015.32 m20    3.06
1 5040.36 m5     4.11
1 5053.30 m75    2.66
1 5054.61 m19    2.65
1 5055.53 m2     5.23
1 5069.15 m19    2.85
1 5071.73 m11    0.00
1 5105.48 a3     6.12
1 5110.36 m3     4.29
1 5138.40 m3     5.90
1 5145.77 m4     5.01
1 5183.97 m3     4.74
1 5192.72 m4     4.24
1 5203.26 m4     4.80
