2 1881.485 m1 18.422
2 1972.673 m1 18.610
2 2053.697 m1 18.624
2 2230.79 m1 17.384
2 2241.86 m1 17.362
2 2249.86 m1 17.296
2 2256.56 m1 17.399
2 2259.22 m1 17.314
2 2262.95 m1 17.384
2 2264.20 m1 17.381
2 2265.62 m1 18.396
2 2265.94 m1 17.257
2 2266.80 m1 17.296
2 2268.72 m1 17.250
2 2285.24 m1 17.257
2 2285.94 m1 17.250
2 2290.84 m1 18.468
2 2292.40 m1 17.235
2 2294.57 m1 17.235
2 2296.52 m1 17.230
2 2299.36 m1 17.399
2 2299.98 m1 17.296
2 2304.60 m1 19.379
2 2307.28 m1 17.381
2 2313.70 m1 18.558
2 2316.80 m1 17.257
2 2319.70 m1 17.250
2 2335.42 m1 18.509
2 2342.18 m1 19.519
2 2344.47 m1 17.296
2 2351.18 m1 19.519
2 2351.56 m1 19.517
2 2353.52 m1 18.468
2 2353.89 m1 19.493
2 2356.25 m1 18.396
2 2356.72 m1 18.573
2 2360.42 m1 19.478
2 2362.60 m1 01.00
2 2368.68 m1 18.290
2 2369.62 m1 19.478
2 2378.04 m1 01.00
2 2385.85 m1 18.396
2 2386.14 m1 18.573
2 2387.75 m1 16.458
2 2392.15 m1 01.00
2 2392.33 m1 18.624
2 2398.76 m1 18.558
2 2401.79 m1 01.00
2 2405.92 m1 19.379
2 2409.74 m1 19.371
2 2410.72 m1 18.396
2 2422.12 m1 18.509
2 2422.94 m1 18.558
2 2425.05 m1 19.358
2 2432.72 m1 18.296
2 2435.12 m1 01.00
2 2435.47 m1 18.468
2 2438.76 m1 18.396
2 2441.60 m1 18.468
2 2442.78 m1 19.320
2 2444.40 m1 01.00
2 2464.72 m1 01.00
2 2466.60 m1 18.468
2 2468.43 m1 17.346
2 2469.46 m1 01.00
2 2470.18 m1 18.396
2 2475.89 m1 17.331
2 2478.82 m1 17.325
2 2489.11 m1 18.422
2 2490.76 m1 18.290
2 2491.78 m1 18.558
2 2506.86 m1 01.00
2 2514.29 m1 01.00
2 2516.12 m1 01.00
2 2519.17 m1 01.00
2 2524.46 m1 17.235
2 2526.79 m1 17.230
2 2526.98 m1 18.296
2 2528.49 m1 01.00
2 2530.18 m1 18.290
2 2531.36 m1 01.00
2 2538.02 m1 18.468
2 2546.37 m1 01.00
2 2548.90 m1 01.00
2 2551.70 m1 17.399
2 2554.20 m1 16.392
2 2560.89 m1 01.00
2 2561.48 m1 17.381
2 2576.97 m1 16.077
2 2584.88 m1 17.384
2 2585.30 m1 01.00
2 2594.64 m1 01.00
2 2596.86 m1 01.00
2 2597.01 m1 17.362
2 2598.42 m1 18.573
2 2605.54 m1 17.346
2 2606.93 m1 19.519
2 2607.52 m1 17.296
2 2621.39 m1 19.493
2 2621.74 m1 01.00
2 2629.54 m1 19.478
2 2630.40 m1 18.296
2 2631.25 m1 01.00
2 2633.88 m1 18.290
2 2634.20 m1 01.00
2 2655.39 m1 17.257
2 2657.00 m1 18.468
2 2659.28 m1 17.250
2 2663.29 m1 17.399
2 2668.02 m1 17.235
2 2670.68 m1 17.230
2 2672.22 m1 17.384
2 2673.80 m1 01.00
2 2677.18 m1 01.00
2 2681.14 m1 01.00
2 2682.75 m1 01.00
2 2682.96 m1 01.00
2 2686.14 m1 19.379
2 2687.03 m1 01.00
2 2689.70 m1 01.00
2 2691.471 m1 16.392
2 2695.24 m1 01.00
2 2699.16 m1 01.00
2 2701.60 m1 01.00
2 2702.22 m1 16.126
2 2702.34 m1 01.00
2 2703.44 m1 18.558
2 2707.39 m1 01.00
2 2709.52 m1 01.00
2 2709.61 m1 01.00
2 2709.89 m1 01.00
2 2711.02 m1 18.573
2 2711.65 m1 01.00
2 2711.88 m1 01.00
2 2713.40 m1 01.00
2 2715.76 m1 16.392
2 2717.35 m1 01.00
2 2718.79 m1 16.392
2 2721.28 m1 17.480
2 2723.40 m1 16.458
2 2725.66 m1 19.477
2 2731.46 m1 16.077
2 2733.15 m1 18.509
2 2734.14 m1 19.517
2 2739.77 m1 18.498
2 2743.16 m1 01.00
2 2744.04 m1 01.00
2 2746.77 m1 17.258
2 2747.68 m1 17.257
2 2748.79 m1 19.493
2 2756.48 m1 18.498
2 2758.36 m1 18.296
2 2762.77 m1 18.560
2 2763.56 m1 16.392
2 2767.00 m1 18.573
2 2770.41 m1 17.399
2 2773.55 m1 01.00
2 2774.86 m1 18.468
2 2782.73 m1 01.00
2 2783.80 m1 19.477
2 2784.98 m1 01.00
2 2785.42 m1 16.357
2 2789.52 m1 01.00
2 2792.52 m1 15.978
2 2794.68 m1 18.296
2 2796.49 m1 01.00
2 2797.65 m1 01.00
2 2799.69 m1 01.00
2 2802.50 m1 18.396
2 2803.02 m1 01.00
2 2807.55 m1 01.00
2 2808.56 m1 01.00
2 2819.02 m1 19.477
2 2820.06 m1 18.396
2 2824.63 m1 01.00
2 2825.34 m1 19.371
2 2826.94 m1 01.00
2 2827.90 m1 18.264
2 2828.69 m1 01.00
2 2829.04 m1 01.00
2 2830.24 m1 01.00
2 2830.89 m1 01.00
2 2832.00 m1 18.378
2 2832.46 m1 01.00
2 2836.16 m1 17.296
2 2838.85 m1 01.00
2 2839.57 m1 01.00
2 2841.81 m1 01.00
2 2844.45 m1 01.00
2 2845.92 m1 01.00
2 2846.48 m1 01.00
2 2849.96 m1 01.00
2 2850.95 m1 16.357
2 2852.39 m1 01.00
2 2853.11 m1 17.480
2 2854.53 m1 17.399
2 2856.65 m1 01.00
2 2857.32 m1 19.322
2 2859.02 m1 01.00
2 2859.54 m1 01.00
2 2861.90 m1 18.558
2 2864.73 m1 17.384
2 2866.76 m1 17.381
2 2867.36 m1 18.296
2 2869.56 m1 01.00
2 2871.24 m1 01.00
2 2877.00 m1 01.00
2 2878.48 m1 01.00
2 2881.14 m1 17.359
2 2883.71 m1 16.126
2 2887.12 m1 16.126
2 2889.07 m1 16.077
2 2895.22 m1 18.509
2 2902.68 m1 18.498
2 2903.66 m1 01.00
2 2904.18 m1 01.00
2 2905.10 m1 18.360
2 2907.18 m1 17.399
2 2910.27 m1 01.00
2 2910.64 m1 18.140
2 2917.01 m1 01.00
2 2919.87 m1 17.381
2 2923.03 m1 18.468
2 2923.95 m1 01.00
2 2924.38 m1 17.296
2 2927.58 m1 18.094
2 2929.66 m1 01.00
2 2933.34 m1 17.480
2 2934.80 m1 17.359
2 2935.86 m1 18.296
2 2939.72 m1 01.00
2 2941.38 m1 01.00
2 2942.10 m1 19.477
2 2943.41 m1 01.00
2 2944.61 m1 01.00
2 2949.77 m1 18.296
2 2950.69 m1 17.258
2 2951.58 m1 17.257
2 2952.48 m1 17.399
2 2954.78 m1 01.00
2 2955.84 m1 01.00
2 2963.41 m1 17.384
2 2964.81 m1 01.00
2 2966.74 m1 15.445
2 2968.95 m1 18.422
2 2969.23 m1 01.00
2 2969.80 m1 01.00
2 2972.31 m1 16.077
2 2972.78 m1 18.051
2 2977.90 m1 01.00
2 2979.32 m1 17.362
2 2982.23 m1 01.00
2 2986.18 m1 01.00
2 2986.82 m1 15.978
2 2988.28 m1 01.00
2 2990.54 m1 17.399
2 2999.21 m1 01.00
2 3003.10 m1 01.00
2 3003.98 m1 17.381
2 3005.97 m1 17.325
2 3006.97 m1 17.258
2 3012.88 m1 17.250
2 3013.82 m1 17.314
2 3015.52 m1 19.493
2 3017.43 m1 19.519
2 3019.78 m1 17.359
2 3020.29 m1 01.00
2 3022.10 m1 19.511
3 3023 g100 22.57
2 3024.24 m1 01.00
2 3027.27 m1 17.296
2 3027.63 m1 18.573
2 3033.11 m1 01.00
2 3033.71 m1 17.399
2 3036.80 m1 19.493
2 3037.35 m1 18.560
2 3041.72 m1 01.00
2 3042.12 m1 01.00
2 3044.75 m1 15.978
2 3045.25 m1 17.384
2 3046.27 m1 18.296
2 3048.17 m1 19.511
2 3048.50 m1 18.140
2 3048.92 m1 01.00
2 3050.98 m1 18.290
2 3056.49 m1 17.257
2 3061.54 m1 17.250
2 3066.60 m1 18.140
2 3071.39 m1 01.00
2 3073.17 m1 17.235
2 3082.62 m1 17.399
2 3082.87 m1 18.094
2 3085.12 m1 01.00
2 3087.34 m1 15.282
2 3088.92 m1 01.00
2 3090.47 m1 17.871
2 3092.41 m1 17.399
2 3094.53 m1 17.384
2 3096.42 m1 17.258
2 3096.90 m1 17.381
2 3098.21 m1 18.094
2 3098.50 m1 17.314
2 3099.16 m1 01.00
2 3101.51 m1 19.379
2 3102.73 m1 01.00
2 3104.40 m1 17.384
2 3107.82 m1 19.371
2 3112.74 m1 17.296
2 3115.78 m1 01.00
2 3116.78 m1 18.051
2 3121.87 m1 17.362
2 3124.02 m1 19.379
2 3128.40 m1 01.00
2 3130.40 m1 19.371
2 3143.62 m1 17.257
2 3145.02 m1 17.384
2 3148.07 m1 01.00
2 3148.99 m1 17.250
2 3159.75 m1 17.314
2 3162.93 m1 17.362
2 3164.23 m1 17.296
2 3164.44 m1 01.00
2 3165.27 m1 16.458
2 3168.67 m1 18.005
2 3174.59 m1 17.296
2 3175.25 m1 01.00
2 3175.64 m1 17.346
2 3181.39 m1 17.480
2 3184.35 m1 19.275
2 3193.75 m1 18.360
2 3196.22 m1 17.257
2 3198.82 m1 01.00
2 3200.72 m1 01.00
2 3201.68 m1 17.250
2 3202.04 m1 15.410
2 3205.26 m1 01.00
2 3206.72 m1 17.257
2 3211.59 m1 01.00
2 3212.29 m1 17.250
2 3225.08 m1 17.235
2 3228.29 m1 01.00
2 3229.03 m1 01.00
2 3233.23 m1 19.098
3 3242.86 g100 18.85
2 3247.74 m1 18.296
2 3248.83 m1 17.399
2 3249.35 m1 16.357
2 3250.04 m1 17.257
2 3250.56 m1 15.080
2 3259.36 m1 16.392
2 3260.73 m1 16.126
2 3262.02 m1 17.384
2 3266.08 m1 01.00
2 3267.05 m1 01.00
2 3267.34 m1 18.558
2 3268.08 m1 17.653
2 3268.93 m1 17.235
2 3272.24 m1 01.00
2 3272.91 m1 17.230
2 3274.80 m1 18.264
2 3274.94 m1 01.00
2 3280.48 m1 01.00
2 3296.20 m1 01.00
2 3298.72 m1 15.024
2 3302.50 m1 01.00
2 3309.39 m1 01.00
2 3310.38 m1 01.00
2 3310.85 m1 18.509
2 3311.80 m1 15.282
2 3313.48 m1 17.325
2 3316.39 m1 18.217
2 3320.57 m1 18.498
2 3324.14 m1 01.00
2 3327.46 m1 15.264
2 3330.78 m1 01.00
2 3338.80 m1 16.458
2 3339.49 m1 17.296
2 3344.97 m1 01.00
2 3347.27 m1 18.468
2 3350.44 m1 01.00
2 3351.24 m1 01.00
2 3353.44 m1 01.00
2 3363.50 m1 01.00
2 3366.72 m1 19.493
2 3373.92 m1 17.258
2 3375.16 m1 17.257
2 3381.34 m1 17.250
2 3384.13 m1 14.930
2 3386.30 m1 18.140
2 3388.05 m1 15.445
2 3395.50 m1 17.235
2 3399.37 m1 16.392
2 3409.49 m1 01.00
2 3412.58 m1 01.00
2 3413.20 m1 18.396
2 3417.04 m1 17.721
2 3419.20 m1 01.00
2 3420.73 m1 15.410
2 3432.49 m1 16.357
2 3434.35 m1 01.00
2 3436.48 m1 17.467
2 3437.73 m1 01.00
2 3440.75 m1 01.00
2 3446.34 m1 17.399
2 3450.08 m1 01.00
2 3452.22 m1 01.00
2 3456.69 m1 01.00
2 3460.08 m1 15.410
2 3461.26 m1 17.384
2 3462.81 m1 17.653
2 3463.53 m1 01.00
2 3464.17 m1 17.381
2 3467.68 m1 18.558
2 3474.23 m1 19.379
2 3485.23 m1 17.359
2 3500.36 m1 15.080
2 3501.77 m1 01.00
2 3503.15 m1 15.445
2 3504.25 m1 16.126
2 3506.56 m1 16.077
2 3508.88 m1 16.458
2 3509.78 m1 18.296
2 3513.57 m1 19.275
2 3514.58 m1 01.00
2 3514.91 m1 01.00
2 3530.21 m1 17.314
2 3534.61 m1 17.480
2 3537.40 m1 01.00
2 3538.08 m1 15.410
2 3546.29 m1 15.282
2 3548.69 m1 17.296
2 3561.75 m1 18.560
2 3562.50 m1 17.480
2 3564.30 m1 15.264
2 3574.18 m1 01.00
2 3578.58 m1 19.275
3 3579.69 g100 20.16
2 3588.62 m1 15.282
2 3589.88 m1 17.313
2 3604.83 m1 18.422
2 3607.02 m1 15.264
2 3607.41 m1 15.445
2 3611.52 m1 17.313
2 3612.37 m1 15.264
2 3621.98 m1 17.902
3 3624.05 g600 18.48
2 3634.48 m1 17.384
2 3644.43 m1 15.410
2 3644.91 m1 16.458
2 3650.12 m1 01.00
2 3657.74 m1 15.978
2 3658.44 m1 17.362
2 3661.70 m1 17.246
2 3663.93 m1 17.384
2 3672.57 m1 15.282
2 3674.04 m1 17.467
2 3680.48 m1 01.00
2 3690.74 m1 17.359
2 3691.84 m1 15.264
2 3695.60 m1 01.00
2 3698.49 m1 17.325
2 3711.64 m1 17.200
2 3715.69 m1 18.360
2 3717.20 m1 16.392
2 3718.06 m1 01.00
2 3720.80 m1 16.077
2 3727.35 m1 01.00
2 3730.22 m1 01.00
2 3731.18 m1 16.458
2 3737.20 m1 01.00
2 3741.96 m1 18.296
2 3756.87 m1 16.357
2 3762.05 m1 17.296
2 3762.26 m1 01.00
2 3763.37 m1 15.080
2 3770.12 m1 01.00
2 3775.49 m1 17.257
2 3778.78 m1 18.360
2 3780.70 m1 18.560
3 3780.98 g300 18.85
2 3783.23 m1 17.250
2 3787.32 m1 15.282
2 3800.00 m1 01.00
2 3800.99 m1 17.235
2 3805.68 m1 17.258
2 3807.29 m1 17.257
2 3811.05 m1 15.080
2 3815.16 m1 17.250
2 3823.35 m1 01.00
2 3826.27 m1 17.313
2 3829.77 m1 17.118
3 3841.52 g100 19.92
2 3848.58 m1 16.357
2 3849.87 m1 17.313
2 3852.40 m1 01.00
2 3858.53 m1 14.479
2 3869.63 m1 16.458
2 3876.39 m1 01.00
3 3877.80 g200 20.38
2 3883.67 m1 19.169
2 3885.00 m1 16.392
2 3885.45 m1 18.573
2 3887.83 m1 01.00
2 3901.92 m1 01.00
2 3905.34 m1 17.653
2 3905.85 m1 15.080
2 3907.91 m1 17.246
2 3916.60 m1 18.094
2 3918.57 m1 01.00
2 3920.18 m1 01.00
2 3920.78 m1 18.573
3 3922.53 g500 18.22
2 3926.80 m1 17.384
2 3928.42 m1 16.357
2 3932.44 m1 01.00
2 3933.22 m1 16.077
2 3937.66 m1 17.246
2 3938.92 m1 18.558
2 3942.21 m1 16.458
2 3943.57 m1 14.930
3 3950.56 g300 18.20
1 3950.92 h125 11.46
2 3951.61 m1 18.217
2 3954.73 m1 17.362
2 3967.54 h200 11.44
2 3972.58 m1 19.098
2 3975.59 m1 15.024
2 3978.98 m1 17.362
2 3980.41 m1 17.362
2 3980.78 m1 01.00
2 3981.21 m1 19.091
2 3990.33 m1 17.200
2 3996.05 m1 16.357
2 3998.54 m1 01.00
2 4000.55 m1 17.346
2 4001.18 m1 01.00
2 4002.35 m1 18.509
2 4008.46 m1 19.169
2 4013.91 m1 01.00
2 4014.10 m1 01.00
2 4016.56 m1 18.498
2 4017.86 m1 18.468
2 4025.19 m1 16.458
2 4026.20 m1 18.360
2 4027.97 m1 17.325
2 4029.82 m1 18.005
2 4035.87 m1 15.080
2 4037.29 m1 16.931
2 4037.59 m1 18.094
2 4039.69 m1 17.296
2 4044.64 m1 19.042
2 4044.90 m1 19.141
3 4050.05 g200 18.63
2 4051.27 m1 18.140
2 4051.66 m1 01.00
2 4053.46 m1 01.00
2 4057.46 m1 16.936
2 4061.06 m1 01.00
2 4062.12 m1 16.933
2 4064.68 m1 01.00
2 4064.94 m1 01.00
2 4065.10 m1 01.00
2 4066.53 m1 19.478
2 4066.90 m1 01.00
2 4072.10 m1 17.118
2 4073.50 m1 16.357
2 4078.82 h100 11.47
2 4088.31 m1 01.00
2 4091.88 m1 17.257
2 4092.78 m1 01.00
2 4096.22 m1 01.00
2 4098.89 m1 17.118
2 4100.34 m1 14.930
2 4100.97 m1 17.250
2 4103.10 m1 19.098
2 4104.95 m1 16.077
2 4106.20 m1 01.00
3 4109.07 g100 19.71
2 4110.41 m1 15.024
2 4111.30 m1 01.00
2 4112.14 m1 18.094
2 4113.26 m1 18.396
2 4113.52 m1 16.392
2 4114.44 m1 01.00
2 4121.86 m1 17.235
2 4131.01 m1 16.392
2 4138.81 m1 18.378
3 4145.73 g100 20.12
2 4152.74 m1 18.396
2 4154.65 m1 17.230
2 4156.17 m1 17.230
2 4158.04 m1 18.005
2 4162.16 m1 16.357
2 4170.99 m1 19.098
2 4179.71 m1 19.042
2 4179.99 m1 19.042
2 4180.10 m1 16.826
2 4180.40 m1 19.091
2 4185.26 m1 01.00
2 4185.89 m1 01.00
2 4193.15 m1 18.934
2 4193.53 h150 11.27
2 4197.81 m1 18.217
2 4201.25 m1 18.360
2 4203.22 m1 16.392
2 4204.29 m1 01.00
2 4208.48 m1 16.806
2 4209.47 m1 16.826
2 4213.72 m1 17.871
2 4214.69 m1 16.077
2 4215.60 m1 14.479
3 4216.75 g100 18.85
2 4218.93 m1 01.00
2 4223.00 m1 18.217
2 4237.20 m1 18.005
2 4238.25 m1 16.806
2 4243.88 m1 14.930
2 4244.41 m1 15.978
2 4245.38 m1 16.801
2 4248.65 m1 01.00
2 4250.16 m1 19.042
2 4251.57 m1 18.360
2 4253.55 m1 01.00
2 4255.96 m1 01.00
2 4260.68 m1 01.00
2 4263.44 m1 01.00
2 4263.57 m1 18.290
2 4267.86 m1 01.00
2 4268.92 m1 01.00
2 4269.84 m1 15.445
2 4296.40 m1 16.746
2 4296.75 m1 18.296
2 4306.21 m1 18.290
2 4310.51 m1 18.140
2 4319.48 m1 01.00
2 4321.82 m1 15.410
2 4330.52 m1 16.936
2 4335.81 m1 16.933
2 4337.07 m1 18.140
2 4342.56 m1 01.00
2 4360.32 m1 01.00
2 4367.05 m1 16.936
2 4369.20 m1 16.931
2 4372.46 m1 16.933
2 4372.88 m1 01.00
2 4373.78 m1 17.313
2 4379.44 m1 18.094
1 4383.91 h100 11.27
2 4384.94 m1 14.094
2 4393.20 m1 17.902
2 4395.77 m1 18.946
2 4406.88 m1 18.094
2 4407.10 m1 19.169
2 4414.84 m1 16.392
2 4416.07 m1 18.217
2 4419.90 m1 01.00
2 4427.52 m1 01.00
2 4440.95 m1 17.871
2 4448.13 m1 18.051
2 4451.32 m1 19.141
2 4462.19 m1 16.876
2 4464.60 m1 15.978
2 4465.77 m1 20.006
2 4470.90 m1 16.357
2 4473.85 m1 01.00
2 4480.86 m1 17.246
2 4485.95 m1 16.077
2 4488.60 m1 18.573
1 4501.0 m1 11.069
2 4507.11 m1 18.498
2 4511.80 m1 01.00
2 4519.69 m1 01.00
2 4521.86 m1 19.098
2 4524.21 m1 15.282
1 4524.7 m1 11.055
2 4532.49 m1 16.126
2 4535.09 m1 01.00
2 4536.87 m1 16.826
2 4537.01 m1 16.806
2 4540.89 m1 18.140
2 4545.23 m1 16.801
2 4550.79 m1 18.005
2 4555.94 m1 17.200
2 4563.00 m1 19.517
2 4567.91 m1 19.519
2 4569.12 m1 01.00
2 4571.85 m1 19.169
2 4577.06 m1 16.806
2 4580.70 m1 19.098
1 4582.75 h300 11.15
2 4585.48 m1 16.801
2 4588.36 m1 01.00
2 4592.05 m1 19.091
2 4593.70 m1 16.077
2 4596.30 m1 17.721
2 4603.03 m1 14.479
1 4611.89 h700 11.00
2 4615.06 m1 19.042
2 4615.45 m1 19.042
2 4615.50 m1 16.077
2 4617.50 m1 18.094
2 4619.42 m1 19.141
2 4619.59 m1 16.126
2 4620.11 m1 01.00
1 4624.28 h1000 11.00
1 4624.3 m1 10.996
2 4633.30 m1 15.264
2 4649.17 m1 01.00
2 4651.94 m1 15.410
2 4653.00 m1 15.978
2 4655.33 m1 19.994
2 4666.28 m1 18.468
2 4668.49 m1 16.458
1 4671.2 m1 10.969
2 4672.20 m1 16.514
2 4674.56 m1 14.479
2 4676.46 m1 19.042
2 4676.75 m1 19.042
2 4678.31 m1 18.094
2 4679.45 m1 18.396
2 4688.20 m1 20.006
1 4690.97 h100 10.96
2 4693.34 m1 17.721
1 4697.02 h300 10.95
2 4698.01 m1 17.118
2 4699.62 m1 17.902
2 4704.67 m1 17.399
2 4706.96 m1 01.00
2 4708.92 m1 16.514
2 4712.63 m1 18.378
2 4715.18 m1 17.653
2 4721.00 m1 19.855
2 4731.19 m1 17.902
2 4732.51 m1 17.384
1 4734.15 h600 11.06
2 4762.39 m1 19.478
2 4769.05 m1 15.978
2 4773.19 m1 17.362
2 4775.18 m1 18.573
2 4775.76 m1 18.005
2 4779.18 m1 13.861
2 4786.65 m1 17.871
2 4787.77 m1 16.392
2 4790.20 m1 01.00
2 4791.84 m1 19.519
2 4792.56 m1 15.978
1 4792.62 h150 10.90
2 4795.40 m1 18.396
2 4796.45 m1 19.042
2 4799.45 m1 18.560
2 4802.10 m1 19.517
2 4806.92 m1 01.00
1 4807.0 m1 11.015
2 4817.16 m1 17.653
2 4818.02 m1 14.479
2 4823.36 m1 16.430
2 4827.55 m1 01.00
1 4829.71 h400 11.00
2 4830.18 m1 18.378
2 4832.20 m1 19.371
2 4834.65 m1 01.00
2 4837.82 m1 01.00
2 4840.88 m1 18.005
2 4840.93 m1 19.493
1 4843.29 h300 11.00
2 4844.33 m1 14.098
2 4850.2 m1 19.790
2 4857.20 m1 01.00
2 4858.82 m1 01.00
2 4862.472 m1 16.430
2 4868.87 m1 19.478
2 4876.50 m1 16.126
2 4880.78 m1 01.00
2 4883.53 m1 15.080
2 4884.15 m1 17.467
2 4885.19 m1 01.00
2 4887.30 m1 15.282
2 4890.09 m1 14.074
2 4892.18 m1 19.790
2 4895.24 m1 01.00
2 4899.9 m1 19.275
2 4905.20 m1 19.858
2 4911.64 m1 01.00
1 4916.51 h500 10.96
2 4919.66 m1 15.445
2 4920.59 m1 01.00
2 4921.48 m1 15.264
1 4923.15 h500 10.95
2 4925.89 m1 01.00
2 4931.33 m1 01.00
2 4934.3 m1 19.858
2 4936.25 m1 01.00
2 4941.10 m1 01.00
2 4946.72 m1 01.00
2 4947.70 m1 01.00
2 4962.8 m1 01.00
2 4965.00 m1 18.573
2 4966.23 m1 01.00
2 4971.71 m1 17.258
2 4972.71 m1 16.077
2 4974.41 m1 17.257
2 4974.87 m1 17.902
2 4985.63 m1 01.00
2 4988.77 m1 15.410
2 4991.17 m1 18.560
2 4993.03 m1 15.024
2 4993.93 m1 19.358
2 4996.22 m1 01.00
2 5001.01 m1 18.290
2 5012.83 m1 18.498
2 5017.41 m1 14.479
2 5018.75 m1 17.235
1 5028.28 h200 10.90
2 5036.15 m1 17.871
2 5038.69 m1 01.00
2 5044.92 m1 16.458
2 5052.54 m1 16.933
2 5069.82 m1 19.320
2 5073.8 m1 17.467
2 5080.62 m1 16.514
2 5081.07 m1 17.721
2 5091.97 m1 18.560
2 5099.59 m1 19.367
2 5104.0 m1 19.790
2 5108.58 m1 17.871
2 5117.76 m1 01.00
2 5122.42 m1 16.514
2 5125.70 m1 16.392
2 5164.7 m1 17.384
2 5178.82 m1 15.978
2 5184.48 m1 16.392
2 5188.08 m1 17.653
2 5188.11 h100 17.65
2 5191.37 m1 14.930
2 5192.10 m1 17.467
2 5194.92 m1 19.322
2 5199.9 m1 17.313
2 5201.42 m1 16.357
2 5201.88 m1 18.360
2 5213.17 m1 17.362
2 5218.20 m1 19.493
2 5226.61 m1 17.653
2 5226.90 m1 18.396
2 5240.9 m1 01.00
2 5247.75 m1 17.346
2 5259.89 m1 16.430
2 5260.44 m1 15.282
2 5261.95 m1 16.357
2 5263.98 m1 01.00
2 5281.66 m1 01.00
2 5282.46 m1 16.826
2 5291.3 m1 19.275
2 5292.22 m1 13.881
2 5302.83 m1 01.00
2 5309.27 m1 15.080
2 5313.87 m1 16.430
2 5319.83 m1 17.314
2 5320.44 m1 01.00
2 5323.35 m1 01.00
2 5327.83 m1 16.806
2 5328.69 m1 01.00
2 5338.38 m1 01.00
2 5339.33 m1 13.861
2 5350.03 m1 01.00
2 5357.9 m1 01.00
2 5359.41 m1 01.00
2 5360.73 m1 01.00
2 5361.65 m1 01.00
2 5363.19 m1 17.721
2 5368.07 m1 15.445
2 5372.39 m1 14.094
2 5383.17 m1 01.00
2 5388.65 m1 01.00
2 5390.22 m1 01.00
2 5392.78 m1 01.00
1 5392.80 h100 11.75
2 5393.90 m1 01.00
2 5397.47 m1 01.00
2 5402.90 m1 01.00
2 5408.34 m1 01.00
2 5415.36 m1 17.313
2 5418.2 m1 01.00
2 5419.15 m1 14.074
2 5428.07 m1 18.360
2 5430.06 m1 01.00
2 5438.96 m1 15.024
2 5445.46 m1 17.721
2 5450.45 m1 15.410
2 5450.90 m1 16.077
2 5460.39 m1 14.098
2 5469.54 m1 16.746
2 5472.61 m1 14.098
2 5481.13 m1 19.379
2 5483.59 m1 01.00
2 5486.60 m1 01.00
2 5494.86 m1 01.00
2 5495.07 m1 01.00
2 5507.46 m1 17.235
2 5509.20 m1 01.00
2 5518.56 m1 14.074
2 5518.77 m1 17.230
2 5520.00 m1 01.00
2 5525.56 m1 17.653
2 5531.07 m1 14.074
2 5551.50 m1 19.478
2 5554.99 m1 01.00
1 5566.62 h100 11.81
2 5572.19 m1 15.282
2 5581.93 m1 01.00
2 5583.5 m1 19.450
2 5591.61 m1 18.573
2 5594.87 m1 19.450
2 5612.89 m1 17.653
2 5616.67 m1 15.264
2 5633.24 m1 19.450
2 5650.53 m1 19.450
2 5659.38 m1 15.445
2 5664.02 m1 01.00
2 5667.56 m1 14.094
2 5670.96 m1 17.467
2 5675.15 m1 14.930
2 5678.93 m1 01.00
2 5681.87 m1 18.573
2 5682.63 m1 01.00
2 5686.49 m1 19.493
2 5686.6 m1 01.00
2 5688.20 m1 19.379
1 5695.75 h100 11.75
2 5699.61 m1 15.978
2 5716.14 m1 18.560
2 5719.61 m1 14.074
2 5726.91 m1 16.392
2 5727.03 m1 16.025
2 5738.40 m1 01.00
2 5744.2 m1 19.454
2 5746.88 m1 01.00
2 5751.03 m1 15.410
2 5752.56 m1 15.080
2 5754.18 m1 01.00
2 5758.65 m1 16.126
2 5776.39 m1 15.282
2 5780.83 m1 16.392
2 5791.97 m1 18.217
2 5797.76 m1 01.00
2 5809.5 m1 19.379
2 5815.96 m1 15.445
2 5821.57 m1 16.357
1 5823.89 h300 11.57
2 5824.79 m1 18.558
1 5824.80 h10011.81
2 5835.5 m1 19.455
2 5846.69 m1 01.00
2 5855.47 m1 18.094
2 5859.47 m1 18.573
2 5868.86 m1 01.00
1 5875.02 h100 11.69
2 5877.25 m1 19.455
2 5893.29 m1 16.077
2 5905.13 m1 15.024
2 5909.67 m1 17.480
2 5912.80 m1 15.410
2 5917.44 m1 13.881
2 5921.50 m1 17.118
2 5928.15 m1 18.217
2 5934.14 m1 19.450
1 5934.17 h10011.81
2 5934.55 m1 19.450
2 5945.53 m1 14.094
2 5958.03 m1 15.282
2 5964.52 m1 18.509
2 5971.13 m1 16.077
2 5973.0 m1 19.275
2 5976.46 m1 13.861
2 5979.2 m1 18.051
2 5988.44 m1 19.454
2 5991.86 m1 17.480
2 5998.10 m1 01.00
2 5998.3 m1 15.445
2 6000.3 m1 19.379
2 6008.92 m1 15.264
2 6012.0 m1 01.00
2 6024.14 m1 19.371
2 6024.62 m1 17.467
2 6036.20 m1 13.881
2 6048.53 m1 17.313
2 6051.15 m1 13.881
2 6063.29 m1 01.00
2 6067.05 m1 01.00
2 6069.33 m1 01.00
2 6075.32 m1 01.00
2 6079.29 m1 01.00
2 6081.36 m1 01.00
2 6083.21 m1 17.118
2 6085.38 m1 01.00
2 6093.52 m1 16.514
2 6093.56 h150 16.50
2 6097.59 m1 13.861
2 6101.43 m1 15.410
2 6109.86 m1 01.00
2 6115.08 m1 15.282
2 6127.44 m1 15.080
2 6143.40 m1 18.094
2 6146.45 m1 17.399
2 6155.28 m1 18.140
2 6160.72 m1 01.00
1 6178.30 h150 11.58
1 6179.67 h125 11.58
1 6182.42 h300 11.69
2 6184.57 m1 14.930
2 6185.03 m1 15.978
2 6185.87 m1 18.360
2 6194.10 m1 17.384
2 6194.37 m1 16.931
2 6196.55 m1 01.00
2 6196.63 m1 01.00
1 6198.26 h100 11.58
2 6203.45 m1 17.381
2 6206.08 m1 01.00
2 6206.16 m1 01.00
2 6234.04 m1 01.00
2 6235.40 m1 17.399
2 6250.23 m1 01.00
2 6254.0 m1 01.00
2 6255.32 m1 17.246
2 6264.94 m1 01.00
2 6270.82 m1 15.978
2 6277.54 m1 13.881
1 6286.01 h100 11.91
2 6284.41 m1 17.384
2 6288.21 m1 01.00
2 6290.15 m1 01.00
2 6296.39 m1 18.360
2 6298.31 m1 15.282
2 6300.86 m1 15.024
2 6304.09 m1 01.00
2 6305.01 m1 18.396
2 6311.46 m1 17.246
2 6318.03 m1 19.275
1 6318.06 h500 11.68
2 6324.94 m1 01.00
2 6325.17 m1 01.00
2 6343.96 m1 13.861
2 6353.20 m1 16.430
2 6353.29 m1 15.811
2 6356.35 m1 17.362
2 6362.8 m1 01.00
2 6375.28 m1 15.080
2 6397.99 m1 14.479
2 6418.58 m1 16.025
2 6421.47 m1 15.811
2 6426.73 m1 18.005
2 6430.15 m1 01.00
2 6440.18 m1 18.051
2 6442.3 m1 17.902
2 6461.48 m1 17.200
1 6469.71 h300 11.50
1 6472.84 h150 11.50
2 6479.69 m1 17.296
1 6487.77 h125 11.49
1 6498.72 h100 11.70
1 6504.18 h200 11.48
2 6512.83 m1 15.282
2 6528.65 m1 16.126
1 6533.16 h100 11.58
2 6556.70 m1 15.282
2 6563.19 m1 15.024
2 6569.13 m1 15.747
2 6573.68 m1 15.264
2 6595.01 m1 16.126
1 6595.56 h100 11.70
2 6597.25 m1 15.080
2 6598.84 m1 16.126
2 6613.31 m1 01.00
2 6614.96 m1 17.257
2 6618.40 m1 15.264
2 6620.02 m1 14.930
2 6632.44 m1 01.00
2 6634.13 m1 17.313
2 6638.85 m1 17.250
2 6642.9 m1 18.296
2 6663.1 m1 18.217
2 6665.59 m1 18.290
1 6668.92 h150 11.44
2 6678.9 m1 01.00
2 6691.22 m1 16.933
2 6694.32 m1 13.861
2 6702.25 m1 16.077
1 6728.01 h200 11.80
2 6788.71 m1 15.410
2 6790.37 m1 15.080
2 6805.74 m1 15.264
1 6827.32 h200 11.26
1 6872.11 h700 11.75
2 6873.2 m1 01.00
2 6876.69 m1 01.00
1 6882.15 h300 11.49
2 6890.41 m1 01.00
2 6910.22 m1 14.930
1 6925.53 h100 11.75
2 6942.11 h400 01.00
1 6976.18 h100 11.50
2 6990.88 m1 14.098
2 7003.96 m1 15.024
2 7017.06 m1 15.080
2 7052.57 m1 18.558
2 7072.43 m1 18.558
2 7075.0 m1 18.498
2 7082.15 m1 15.978
2 7094.7 m1 18.573
2 7100.8 m1 16.826
1 7119.6 m1 11.462
2 7133.27 m1 15.811
2 7143.3 m1 01.00
2 7143.81 m1 01.00
2 7147.50 m1 18.610
2 7149.03 m1 14.479
2 7164.83 m1 15.978
2 7215.97 m1 15.811
2 7245.38 m1 15.024
2 7276.47 m1 01.00
2 7279.581 m1 18.509
2 7279.947 m1 18.094
2 7284.34 m1 15.080
2 7301.80 m1 15.282
2 7339.30 m1 15.080
2 7343.37 m1 18.624
2 7378.38 m1 15.264
1 7386.00 h100 11.26
2 7400.5 m1 14.930
2 7410.14 m1 17.118
2 7458.0 m1 18.468
2 7472.0 m1 18.051
2 7495.36 m1 15.747
2 7503.00 m1 17.399
2 7508.24 m1 16.933
2 7508.75 m1 18.396
2 7530.70 m1 15.024
2 7548.45 m1 15.445
1 7584.68 h200 11.58
2 7594.6 m1 18.378
2 7618.57 m1 16.392
1 7642.02 h500 11.07
1 7643.91 h100 11.58
2 7670.66 m1 14.930
2 7712.42 m1 15.410
2 7772.12 m1 19.991
2 7774.18 m1 01.00
2 7777.1 m1 01.00
2 7787.04 m1 16.357
1 7802.65 h100 11.27
2 7805.8 m1 17.399
2 7818.31 m1 01.00
2 7826.1 m1 16.514
2 7828.28 m1 01.00
2 7862.7 m1 17.653
1 7881.32 h100 11.26
2 7882.59 m1 17.384
2 7882.66 m1 18.509
1 7887.39 h300 11.14
2 7889.4 m1 19.994
2 7892.6 m1 18.396
2 7897.7 m1 17.381
2 7920.48 m1 18.498
2 7942.54 m1 01.00
1 7967.3 m1 11.003
2 7970.0 m1 01.00
2 7974.76 m1 01.00
2 7976.42 m1 19.275
2 7976.72 m1 14.479
2 7981.1 m1 01.00
2 7987.99 m1 14.094
2 7991.17 m1 14.930
2 7991.54 m1 15.412
2 7992.34 m1 01.00
2 7996.5 m1 01.00
2 8001.95 m1 18.784
2 8005.8 m1 17.296
2 8008.45 m1 18.778
2 8014.26 m1 18.777
2 8020.07 m1 16.025
2 8023.85 m1 01.00
2 8028.0 m1 16.826
1 8029.67 h100 11.58
2 8031.64 m1 18.778
2 8035.40 m1 18.777
2 8038.26 m1 18.777
2 8047.28 m1 01.00
1 8057.26 h200 11.58
1 8061.34 h150 11.26
2 8070.97 m1 01.00
2 8080.31 m1 18.784
2 8095.13 m1 01.00
2 8098.55 m1 01.00
1 8101.98 h100 11.75
2 8115.72 m1 18.784
2 8116.08 m1 18.777
2 8120.16 m1 01.00
2 8131.40 m1 01.00
2 8136.83 m1 19.991
2 8142.48 m1 15.383
2 8144.8 m1 01.00
2 8151.80 m1 18.777
2 8167.55 m1 01.00
1 8171.02 h100 11.34
2 8186.95 m1 01.00
2 8194.9 m1 01.00
1 8206.34 h700 10.96
2 8213.50 m1 01.00
2 8214.85 m1 14.098
1 8231.63 h5000 9.82
2 8245.37 m1 01.00
2 8251.30 m1 01.00
2 8256.40 m1 01.00
2 8260.81 m1 01.00
1 8262.52 h500 11.07
2 8262.73 m1 19.790
1 8266.52 h500 11.07
1 8280.12 h5000 9.94
2 8282.85 m1 01.00
2 8285.37 m1 18.792
2 8285.49 m1 18.792
2 8285.70 m1 15.080
2 8297.55 m1 19.790
2 8316.2 m1 18.296
2 8317.10 m1 01.00
2 8329.44 m1 18.784
2 8339.1 m1 18.422
1 8346.82 h2000 11.06
2 8347.24 m1 14.074
2 8351.11 m1 17.296
2 8351.52 m1 18.290
2 8366.4 m1 01.00
2 8372.2 m1 01.00
2 8378.3 m1 17.871
1 8409.2 m1 9.789
2 8446.6 m1 01.00
2 8465.7 m1 18.290
2 8467.8 m1 16.746
2 8482.64 m1 15.264
2 8500.96 m1 01.00
2 8515.19 m1 18.787
2 8565.1 m1 20.006
2 8567.20 m1 18.778
1 8576.01 h200 11.02
2 8584.0 m1 15.445
2 8604.23 m1 18.787
2 8628.94 m1 15.410
2 8636.4 m1 01.00
1 8648.54 h200 11.00
2 8655.72 m1 01.00
1 8692.20 h100 11.00
1 8696.86 h200 11.58
2 8704.3 m1 01.00
2 8716.19 m1 14.479
1 8739.37 h300 11.00
2 8752.14 m1 18.778
1 8758.20 h100 11.10
2 8760.14 m1 18.777
2 8770.283 m1 17.871
2 8785.88 m1 18.792
2 8796.92 m1 15.410
2 8804.57 m1 18.792
2 8804.61 m1 16.392
2 8804.70 m1 18.792
1 8819.41 h5000 9.72
2 8839.9 m1 01.00
2 8855.74 m1 18.784
1 8862.32 h300 10.98
2 8869.40 m1 01.00
2 8881.48 m1 01.00
2 8896.7 m1 18.777
2 8902.66 m1 18.792
2 8902.79 m1 18.792
1 8908.73 h200 10.97
1 8930.83 h200 10.96
1 8952.25 h1000 9.82
1 8981.05 h100 11.10
1 8987.57 h200 11.07
2 9017.8 m1 17.399
1 9045.45 h400 9.69
2 9068.0 m1 01.00
2 9106.24 m1 16.126
2 9136.6 m1 01.00
1 9162.65 h500 9.79
1 9167.52 h100 11.04
2 9193.8 m1 14.094
2 9226.39 m1 14.479
2 9238.59 m1 01.00
2 9244.15 m1 01.00
2 9259.60 m1 19.478
2 9265.67 m1 15.412
2 9288.4 m1 17.359
2 9298.7 m1 01.00
2 9304.77 m1 15.811
2 9331.67 m1 14.074
1 9374.76 h100 11.27
2 9400.59 m1 13.861
2 9407.57 m1 01.00
2 9447.6 m1 16.077
2 9464.3 m1 01.00
2 9475.23 m1 15.282
1 9513.38 h200 11.02
2 9577.70 m1 01.00
2 9591.35 m1 13.881
2 9604.50 m1 15.264
2 9615.71 m1 15.383
2 9630.95 m1 01.00
2 9641.6 m1 01.00
2 9671.6 m1 19.790
1 9685.32 h150 11.10
2 9698.68 m1 14.479
1 9718.16 h100 11.07
2 9706.2 m1 01.00
2 9734.0 m1 01.00
2 9744.8 m1 01.00
2 9774.8 m1 15.747
1 9799.70 h2000 9.57
2 9810.28 m1 01.00
2 9820.90 m1 01.00
2 9837.8 m1 18.378
2 9865.56 m1 01.00
2 9895.8 m1 01.00
2 9908.9 m1 01.00
1 9923.20 h2000 9.69
2 9983.4 m1 01.00
2 9990.9 m1 01.00
2 10054.2 m1 17.258
2 10095.7 m1 01.00
2 10206.9 m1 01.00
2 10220.8 m1 15.978
