1 2002.54 a20    7.55
1 2003.34 m4400  7.55
1 2009.19 m580   8.48
1 2010.04 a20    8.42
1 2012.76 a15    8.47
1 2013.32 m400   8.47
1 2047.57 a50    8.31
1 2065.36 a50    8.26
1 2067.11 a20    8.31
1 2069.78 a30    8.25
1 2085.25 a30    8.26
1 2089.74 a6     8.25
1 2112.99 a100   8.13
1 2133.80 a50    8.13
1 2144.08 a100   8.04
1 2165.52 m50    8.04
1 2176.26 a5     7.96
1 2182.94 a20    7.94
1 2205.97 a15    7.88
1 2228.66 a20    7.88
1 2266.70 a25    7.79
1 2271.36 m380   6.77
1 2288.12 m260   6.77
1 2344.03 m16    7.55
1 2349.84 m260   6.59
1 2369.67 m50    7.55
1 2370.77 m40    7.55
1 2381.18 m40    6.56
1 2437.23 m11    6.40
1 2456.53 m36    6.41
1 2492.91 m44    6.29
1 2745.00 m44    6.77
1 2780.22 m140   6.77
2 2830.45 s200  15.48
1 2860.44 m90    6.59
2 2884.51 s200  15.40
1 2898.71 m20    6.59
3 2926.15 s500  20.53
2 2959.70 s500   0.00
3 2981.88 s500  20.54
1 2990.99 m30    6.40
1 3032.85 m8     6.40
2 3053.46 s300  15.07
2 3058.08 s300  15.06
1 3075.32 a20    6.29
2 3116.63 s500  15.07
2 3119.60 m4     6.29
2 3749.77 s300  13.11
2 3842.82 s200  12.42
3 3922.46 s500  16.39
2 3948.74 s200  12.29
2 4006.34 s200  12.30
3 4031.01 s500  23.42
3 4032.45 s500  23.42
2 4119.85 s200   0.00
2 4243.26 s300   0.00
2 4315.86 s200  12.01
2 4324.10 s200  15.04
2 4336.85 s300  12.01
2 4352.25 s500  13.11
2 4353.02 s200  15.27
2 4371.38 s200  12.04
2 4413.64 s200  15.38
2 4427.38 s500  15.38
2 4431.73 s500  15.07
2 4466.60 s300  15.48
2 4474.60 s500   0.00
2 4494.59 s500  15.20
2 4539.97 s500  15.07
2 4543.76 s500   0.00
2 4549.23 s500  14.70
2 4552.37 s200  12.53
2 4602.73 s500  15.40
2 4607.46 s500   0.00
2 4627.80 s500   0.00
2 4630.14 s500  14.97
2 4672.70 s200  15.34
2 4707.82 s500  15.07
2 4730.92 s500  12.43
2 4888.74 s200  12.29
2 4985.60 s200  12.29
1 5043.31 a50    8.74
1 5068.98 a100   9.02
1 5099.59 a60    8.99
1 5103.53 a20    8.83
1 5105.55 a30    8.71
2 5105.80 s500  12.53
2 5107.80 s500  12.69
1 5121.34 a100   8.82
1 5130.78 a80    9.00
1 5141.63 a100   8.97
1 5196.20 a50    8.78
1 5210.23 a20    8.66
2 5231.38 e150  12.18
2 5331.23 e200  12.43
1 5363.54 a60    9.08
1 5408.13 a100   8.88
1 5451.32 a150   9.04
2 5497.73 e100  12.01
2 5558.09 e150  12.04

