3 2000.59 c4    24.59
2 2007.49 c20   14.76
2 2032.44 c10   14.68
2 2036.22 c15   15.37
3 2039.83 c8    23.77
3 2045.58 c10   23.78
3 2087.87 c15   22.82
2 2096.00 c30   14.50
3 2111.59 c10   16.88
2 2144.41 m1900  5.78
2 2155.06 c10   15.03
2 2187.79 c20   14.25
2 2194.56 c200  11.12
1 2239.86 h80    9.26
2 2265.02 m900   5.47
1 2267.47 m16    9.26
1 2288.02 m1500  5.41
1 2306.61 m41    9.17
2 2312.77 m18   11.14
2 2321.07 c40   11.12
1 2329.29 m31    9.27
2 2376.82 c8    14.50
2 2418.69 c10   14.41
2 2469.73 c10   13.60
2 2487.92 c8    13.57
1 2491.00 h3     8.78
2 2495.58 c8    14.25
3 2499.81 c5    22.19
2 2509.11 c10   16.08
1 2518.59 h15    8.65
1 2525.20 h25    8.71
1 2544.61 h50    8.60
2 2551.98 c10   13.44
1 2553.46 h25    8.65
1 2565.79 h3     8.78
2 2572.93 m5    10.28
1 2580.11 h50    8.60
1 2584.87 h3     8.74
1 2592.03 h30    8.51
1 2602.05 h25    8.71
1 2628.98 h50    8.51
1 2632.19 h40    8.65
1 2639.42 h75    8.44
2 2659.23 c8    15.78
1 2660.33 h50    8.60
2 2662.62 c10   15.77
1 2677.54 h100   8.44
2 2707.00 c10   13.16
1 2712.50 h75    8.51
1 2733.82 h50    8.26
2 2748.58 c200  10.28
1 2756.79 h50    8.45
1 2763.89 h100   8.44
1 2764.23 h50    8.44
3 2766.99 c4    22.19
1 2774.96 h50    8.26
1 2776.07 h3     8.41
3 2805.56 c6    22.82
1 2836.90 m5     8.10
1 2862.31 h15    8.13
1 2868.18 h100   8.26
1 2880.77 m8     8.10
1 2881.22 m2     8.10
2 2914.67 c40   15.37
2 2927.87 c10   15.37
2 2929.27 c40   15.37
1 2961.47 h20    8.13
1 2980.62 m16    8.10
1 2981.36 h200   8.10
1 2981.85 h50    8.10
1 3001.42 h10    8.07
1 3005.41 h25    8.07
2 3030.61 c10   15.76
1 3080.82 h150   7.76
1 3082.59 h30    7.82
2 3092.34 c20   15.83
1 3133.17 m5     7.76
2 3146.79 c10   15.76
2 3250.33 c30    9.28
1 3252.52 h300   7.76
1 3261.05 m32    3.80
2 3343.21 c10   15.45
2 3385.49 c10   14.80
1 3403.65 m60    7.37
2 3417.49 c10   15.45
2 3442.42 c10   15.34
2 3464.43 c20   14.69
1 3466.20 m250   7.37
1 3467.65 m80    7.37
2 3495.44 c150  14.68
1 3499.95 h25    7.34
2 3524.11 c20   15.34
2 3535.69 c20    9.28
1 3610.51 m360   7.37
1 3612.87 m70    7.37
1 3614.45 m7     7.37
1 3649.56 h20    7.34
1 3729.06 h15    7.26
1 3818.21 h5     8.66
1 3904.42 h8     8.59
1 3981.93 h10    8.53
2 4029.12 c20   14.82
2 4134.77 c40   14.82
1 4140.30 h5     8.41
2 4141.49 c10   14.82
2 4285.08 c20   14.63
1 4306.67 h8     8.29
2 4412.41 c20   14.63
1 4412.99 h3     6.61
2 4415.63 c200   8.59
1 4662.35 h8     8.07
1 4678.15 m80    6.39
1 4799.91 m140   6.39
2 4881.72 c10   13.66
2 5025.50 c10   13.60
1 5085.82 m280   6.39
1 5154.66 h6     7.82
2 5268.01 c20   15.79
2 5271.60 c20   15.79
2 5337.48 c200  13.44
2 5378.13 c200  13.44
2 5381.89 c40   13.44
1 6438.47 m2000  7.30

