2    2151.44 s10     6.65
2    2166.88 s30     6.35
2    2169.48 s20     6.50
2    2180.63 s50     6.72
2    2183.71 s10     6.65
2    2203.15 s20     6.40
2    2207.26 s15     6.50
2    2218.11 s30     6.40
2    2222.01 s50     5.98
2    2225.08 s50     6.36
2    2227.84 s30     6.25
2    2228.05 s30     6.72
2    2238.64 s10     6.76
2    2242.29 s50     6.00
2    2249.25 s20     5.98
2    2264.85 s20     6.36
2    2266.91 s10     7.85
2    2268.20 s20     8.13
2    2287.82 s20     6.21
2    2298.70 s20     6.65
2    2300.65 s30     6.36
2    2302.09 s40     6.35
3    2317.34 s50     5.98
2    2318.64 s100     6.50
2    2324.31 s50     6.43
2    2337.66 s20     5.98
2    2350.10 s50     6.25
2    2362.54 s20     6.50
2    2367.77 s20     6.21
2    2372.34 s100     6.00
2    2377.07 s50     6.76
2    2377.48 s50     6.76
2    2380.12 s100     5.98
2    2382.28 s30     6.36
3    2385.06 s30     6.76
2    2395.04 s50     6.40
2    2406.15 s30    11.39
2    2408.08 s40     6.40
2    2410.26 s26    11.12
2    2410.91 s10    11.38
2    2415.60 s50    11.11
2    2417.01 s20    11.37
2    2423.03 s20    11.11
2    2428.64 s30     6.36
2    2430.24 s50     6.35
2    2431.45 s100     6.65
2    2439.81 s150     6.65
2    2441.55 s30    11.08
2    2444.78 s20    11.43
2    2454.32 s100     6.21
2    2456.86 s45     9.61
2    2469.95 s100     6.24
2    2471.66 s30    11.37
3    2477.25 s50     6.44
2    2479.44 s80     6.44
2    2479.51 s30     5.81
2    2483.82 s100     6.24
2    2484.29 s10     5.39
2    2497.50 s100     6.40
2    2503.56 s30     6.21
2    2504.43 s20     6.20
2    2531.99 s200     6.00
2    2539.27 s30    11.24
2    2551.59 s10    11.50
2    2557.49 s30    11.49
2    2566.86 s5    11.27
2    2577.67 s40    11.16
2    2578.30 s20     6.03
2    2584.71 s20    11.56
2    2599.01 s10    11.42
2    2600.26 s10    11.17
2    2603.59 s100     6.76
2    2607.96 s20    11.47
2    2615.79 s20    11.24
2    2649.38 s20     6.24
2    2655.49 s10    11.38
2    2662.81 s20     6.20
2    2672.83 s10     6.20
2    2685.78 s8    11.11
2    2717.16 s10     6.00
2    2719.30 s30     5.81
2    2730.04 s20     5.01
2    2743.71 s30     5.20
2    2748.90 s40     5.30
2    2754.87 s40     6.50
2    2768.28 s40     6.76
2    2778.20 s90     9.03
2    2845.16 s6     6.36
2    2861.39 s20     5.01
2    2873.67 s10     5.20
2    2907.05 s40     5.81
3    2923.81 s100     5.39
2    2925.26 s50     5.01
2    2927.27 s10     6.65
2    2931.54 s100     5.20
2    2944.34 s10    12.14
2    2948.53 s20     6.21
2    2973.72 s50    12.29
2    2976.91 m32     4.69
2    3008.79 m32     4.44
3    3022.75 s100     6.76
2    3031.58 s500     6.50
2    3055.59 s1000     6.72
2    3056.56 s200     6.76
2    3057.23 s400     6.76
2    3057.58 s200     6.44
2    3063.01 m55     4.94
2    3076.79 s10    11.88
2    3085.10 s400     6.402
2    3106.98 s200     6.40
3    3110.53 s300     6.65
2    3121.56 s300     6.35
2    3130.35 s10    12.69
2    3141.29 s200     6.36
2    3143.96 s200     6.35
2    3146.41 m26     4.23
2    3147.06 s200     6.65
2    3183.52 m44     4.45
2    3194.83 m65     4.48
2    3201.71 m90     4.72
2    3218.94 m65     4.70
2    3221.17 m80     4.40
2    3227.11 m65     4.16
2    3228.57 s200     6.50
2    3231.24 m44     4.33
2    3234.17 m65     4.16
2    3236.74 m36     4.38
2    3243.37 m36     4.38
2    3245.01 s6     6.20
2    3267.76 s40     6.21
2    3267.94 s30     6.50
2    3272.25 m90     4.49
2    3280.80 s10    11.90
2    3285.22 m30     4.27
2    3304.84 m22     4.45
2    3336.69 s10     6.00
2    3343.86 m30     4.42
2    3344.76 m40     4.23
2    3353.29 s200     6.36
2    3377.13 m44     4.28
2    3395.77 s100     6.36
2    3398.91 s40     6.35
2    3422.71 m55     4.07
2    3426.21 m36     3.73
2    3427.36 s300     6.00
1    3437.81 m7     0.00
2    3442.38 m13     4.16
2    3443.63 s400     5.98
2    3454.39 s300     6.00
2    3459.39 s400     6.24
2    3470.92 s600     5.98
2    3476.84 m44     4.88
2    3485.05 m65     3.55
2    3488.55 m16     4.43
2    3497.81 s500     6.21
2    3504.64 s600     6.24
2    3514.41 s5     5.81
2    3517.38 m55     4.43
1    3526.68 m1      0.00
2    3534.05 m55     4.03
2    3539.09 m70     3.82
2    3544.07 s500     6.21
2    3554.99 m38     3.81
2    3560.80 m110     4.22
2    3577.46 m95     3.93
2    3590.60 m30     4.19
2    3607.63 m36     4.11
2    3609.69 m50     4.33
2    3613.70 m38     3.96
2    3622.15 m40     4.28
2    3623.84 m80     4.21
2    3646.97 m32     3.69
2    3653.11 m38     3.75
2    3653.67 m60     3.86
2    3655.85 m160     3.70
2    3659.23 m40     3.56
2    3659.97 m32     3.56
2    3660.64 m80     3.51
2    3667.98 m80     3.73
2    3672.79 m32     4.28
2    3709.29 m85     3.86
2    3709.93 m85     3.46
2    3716.37 m110     3.33
2    3718.19 m34     3.51
2    3725.68 m34     4.07
2    3728.42 m65     4.00
1    3732.56 m5     0.00
1    3744.00 m8     0.00
1    3746.40 m14     0.00
2    3764.12 m55     3.65
2    3781.62 m50     3.81
2    3782.53 m36     3.77
2    3784.29 s30     5.98
2    3786.63 m70     3.45
2    3788.75 m42     3.74
2    3801.53 m200     4.15
2    3803.10 m65     3.62
2    3808.12 m85     3.54
2    3809.22 m40     3.86
2    3815.83 m40     4.05
2    3817.46 m38     3.85
2    3823.90 m38     3.56
2    3830.56 m38     4.19
2    3834.56 m40     3.55
2    3838.54 m90     3.56
2    3848.60 m70     3.74
2    3853.16 m70     3.21
2    3854.19 m100     3.45
2    3854.32 m100     3.45
2    3855.30 m50     3.74
2    3857.02 m32     3.93
1    3865.39 m1      0.00
2    3876.97 m50     3.75
2    3878.37 m90     3.37
2    3882.45 m120     3.51
2    3889.99 m85     3.87
2    3895.12 m50     3.60
2    3896.80 m48     3.74
2    3898.27 m40     3.64
2    3907.29 m55     4.28
2    3908.41 m40     4.03
2    3918.28 m55     3.86
2    3919.81 m34     3.86
2    3921.73 m42     3.87
2    3923.11 m40     3.72
2    3931.09 m55     3.33
2    3933.73 m22     3.86
1    3934.08 m5     0.00
2    3936.80 s8    11.88
2    3938.09 m40     3.71
2    3940.34 m55     3.46
2    3942.15 m140     3.14
2    3942.75 m190     3.99
2    3943.89 m55     3.93
1    3949.82 m7     0.00
2    3952.54 m220     3.92
2    3956.28 m70     3.74
2    3960.91 m55     3.45
2    3967.05 m55     3.45
2    3971.68 m32     3.62
1    3974.00 m6     0.00
2    3978.65 m55     3.64
2    3980.88 m40     3.82
1    3982.17 m8     0.00
2    3982.89 m40     3.93
2    3984.68 m55     4.07
2    3992.39 m50     3.55
2    3993.82 m65     4.01
2    3999.24 m200     3.39
2    4003.77 m65     4.03
2    4012.39 m190     3.65
2    4014.90 m65     3.60
2    4024.49 m60     3.55
2    4028.41 m60     3.39
2    4031.34 m60     3.39
2    4040.76 m150     3.50
2    4042.58 m65     3.56
2    4053.51 m50     3.06
2    4054.99 m32     3.38
2    4071.81 m75     3.37
2    4073.48 m130     3.52
2    4075.71 m110     3.74
2    4075.85 m110     3.65
2    4078.32 m38     4.00
2    4081.22 m48     3.51
2    4083.23 m65     3.73
2    4085.23 m32     3.71
2    4101.77 m32     3.89
2    4107.42 m36     3.51
2    4118.14 m55     3.71
2    4120.83 m32     3.33
2    4123.24 m36     3.73
2    4123.49 m36     3.96
2    4123.87 m70     3.86
2    4124.79 m36     3.69
2    4127.37 m70     3.69
2    4130.71 m38     3.56
2    4131.10 m34     3.33
2    4133.80 m190     3.86
2    4137.65 m140     3.52
2    4142.40 m55     3.69
2    4145.00 m48     3.69
2    4146.23 m34     3.55
2    4149.79 m30     3.69
2    4149.94 m70     3.71
1    4150.91 m1      0.00
2    4151.97 m100     3.67
1    4155.28 m1      0.00
2    4165.61 m90     3.88
1    4166.88 m1     0.00
2    4169.42 s5    15.52
2    4269.77 m46     3.69
2    4186.60 m250     3.82
2    4194.83 s5    15.25
2    4196.34 m45     3.37
2    4198.67 m80     3.86
2    4201.24 m24     3.85
2    4202.94 m65     3.39
2    4214.04 m26     3.55
2    4217.59 m22     4.00
2    4222.60 m110     3.05
2    4227.75 m55     3.63
2    4231.75 m28     0.00
1    4232.05 m1      0.00
1    4233.20 m1      0.00
2    4239.91 m70     3.40
2    4242.72 m28     3.22
1    4243.79 m6     0.00
2    4245.88 m22     3.64
2    4245.98 m22     3.45
1    4246.40 m1      0.00
2    4246.71 m28     3.18
2    4248.68 m75     3.61
2    4253.36 m28     3.38
2    4255.78 m44     3.62
1    4267.22 m1      0.00
2    4270.19 m44     3.46
2    4270.72 m28     3.86
2    4285.37 m20     3.80
2    4289.94 m140     3.22
2    4296.67 m140     3.40
2    4299.36 m42     3.06
2    4300.33 m55     3.33
1    4304.28 m1      0.00
2    4305.14 m30     3.74
2    4306.72 m55     3.39
2    4309.74 m28     3.33
2    4320.72 m40     3.32
2    4330.45 m22     3.18
2    4336.26 m28     3.56
2    4337.78 m70     3.18
2    4339.32 m24     4.20
3    4346.35 s6    15.25
2    4349.79 m50     3.38
2    4352.71 m40     3.45
1    4359.07 m1      0.00
2    4364.66 m65     3.33
2    4375.92 m38     3.33
2    4382.17 m65     3.52
2    4386.84 m50     3.06
2    4388.01 m22     3.69
2    4391.66 m120     3.14
2    4399.20 m36     3.14
2    4410.64 m25     4.16
2    4410.76 m25     3.73
1    4413.19 m1      0.00
2    4416.90 m22     3.33
2    4418.78 m70     3.68
2    4427.02 m22     3.22
2    4427.92 m34     3.33
2    4428.44 m22     3.33
2    4429.27 m46     3.89
2    4444.39 m34     3.71
2    4444.70 m32     3.85
3    4448.32 s6     5.20
2    4449.34 m55     3.39
1    4449.64 m1      0.00
2    4450.73 m44     3.47
1    4455.66 m1      0.00
2    4460.21 m170     3.26
2    4461.14 m32     3.69
2    4463.41 m30     3.73
2    4467.54 m20     3.33
2    4471.24 m100     3.46
2    4472.72 m32     3.22
2    4479.36 m50     3.33
2    4483.90 m50     3.63
1    4484.82 m1      0.00
2    4486.91 m60     3.06
1    4506.42 m7     0.00
3    4521.92 s10    15.24
2    4523.08 m55     3.26
2    4527.35 m60     3.06
2    4528.47 m60     3.60
1    4531.31 m6     0.00
1    4532.49 m1     0.00
2    4535.73 s10     5.39
2    4539.75 m60     3.06
2    4560.28 m46     3.63
2    4560.96 m22     3.40
2    4562.36 m150     3.19
2    4565.84 m30     3.80
2    4572.28 m75     3.39
1    4579.28 m1      0.00
2    4582.50 m30     3.40
2    4593.93 m60     3.39
2    4606.40 m30     3.60
1    4608.49 m5     0.00
1    4615.20 m5     0.00
2    4624.90 m30     3.80
2    4628.16 m120     3.19
1    4632.32 m12     0.00
1    4640.88 m5     0.00
1    4641.06 m5     0.00
1    4643.17 m6     0.00
1    4649.89 m5     0.00
1    4650.52 m8     0.00
1    4670.91 m5     0.00
1    4674.49 m6     0.00
2    4684.61 m24     3.55
1    4686.81 m1     0.00
1    4696.52 m6     0.00
1    4701.45 m1     0.00
1    4702.01 m1    0.00
1    4707.28 m5     0.00
2    4737.28 m28     3.71
1    4744.82 m1     0.00
2    4773.94 m20     3.52
1    4788.43 m5     0.00
1    4800.90 m1     0.00
1    4822.54 m10     0.00
1    4836.67 m6     0.00
1    4845.52 m8     0.00
1    4847.75 m12     0.00
1    4849.91 m5     0.00
1    4859.48 m6     0.00
2    4882.46 m16     0.00
1    4899.90 m7     0.00
1    4915.32 m5     0.00
1    4939.13 m6     0.00
1    4972.24 m1     0.00
1    4984.51 m1     0.00
1    4987.54 m7     0.00
1    4992.40 m5     0.00
1    4994.61 m14     0.00
1    4998.13 m5     0.00
1    5009.09 m22     0.00
1    5013.76 m6     0.00
1    5021.44 m7     0.00
1    5028.30 m7     0.00
1    5033.81 m5     0.00
1    5036.62 m5     0.00
1    5039.75 m7     0.00
1    5040.86 m13     0.00
1    5042.09 m5     0.00
2    5044.01 m19     3.67
1    5048.82 m7     0.00
1    5054.17 m6     0.00
1    5063.92 m5     0.00
1    5065.88 m10     0.00
1    5074.71 m8     0.00
2    5075.30 m26     3.33
1    5077.82 m1     0.00
2    5079.68 m30     3.82
1    5080.48 m7     0.00
1    5091.75 m5     0.00
1    5111.60 m5     0.00
1    5112.69 m14     0.00
1    5115.63 m7     0.00
1    5122.39 m7     0.00
1    5125.01 m7     0.00
1    5129.58 m18     0.00
1    5134.47 m6     0.00
1    5135.32 m4     0.00
1    5137.12 m5     0.00
1    5140.50 m5     0.00
1    5149.65 m7     0.00
1    5150.41 m7     0.00
1    5153.95 m1     0.00
1    5159.69 m30     0.00
1    5161.48 m30     0.00
1    5164.39 m8     0.00
1    5174.54 m20     0.00
1    5180.89 m8     0.00
1    5181.94 m5     0.00
2    5187.45 m40     3.60
1    5188.65 m8     0.00
2    5191.68 m30     3.26
1    5200.12 m4     0.00
1    5201.39 m6     0.00
1    5202.46 m10     0.00
1    5203.28 m6     0.00
1    5204.27 m6     0.00
1    5211.92 m20     0.00
1    5221.92 m5     0.00
1    5222.95 m5     0.00
1    5223.49 m28     0.00
1    5229.75 m10     0.00
1    5230.14 m5     0.00
1    5230.84 m6     0.00
1    5238.49 m6     0.00
1    5243.08 m7     0.00
1    5244.51 m10     0.00
1    5245.92 m28     0.00
1    5251.98 m1     0.00
1    5254.84 m6     0.00
1    5261.71 m9     0.00
1    5264.21 m9     0.00
1    5269.52 m5     0.00
1    5271.88 m13     0.00
2    5274.24 m36     3.39
1    5290.94 m5     0.00
1    5294.07 m7     0.00
1    5296.60 m14     0.00
1    5308.55 m7     0.00
1    5328.05 m14     0.00
2    5330.58 m20     3.19
1    5335.71 m8     0.00
1    5336.18 m7     0.00
2    5353.53 m48     3.19
1    5355.18 m6     0.00
1    5357.20 m5     0.00
1    5363.33 m8     0.00
1    5386.35 m8     0.00
1    5386.76 m1     0.00
1    5391.88 m5     0.00
2    5393.39 m32     3.40
1    5394.84 m1     0.00
1    5397.64 m16     0.00
1    5399.57 m4     0.00
2    5409.28 m30     3.40
1    5420.38 m12     0.00
1    5449.22 m15     0.00
1    5456.41 m5     0.00
1    5460.09 m6     0.00
1    5465.34 m10     0.00
1    5468.37 m15     0.00
2    5472.30 m15     3.51
1    5473.53 m6     0.00
1    5482.00 m6     0.00
1    5498.19 m5     0.00
2    5512.09 m28     3.26
1    5522.46 m4     0.00
1    5535.24 m10     0.00
1    5548.82 m7     0.00
1    5556.25 m12     0.00
1    5556.95 m1     0.00
1    5559.22 m6     0.00
1    5564.96 m18     0.00
1    5565.97 m14     0.00
1    5567.81 m5     0.00
1    5582.74 m8     0.00
1    5594.94 m7     0.00
1    5595.87 m11     0.00
1    5601.30 m26     0.00
1    5610.92 m5     0.00
1    5614.72 m8     0.00
1    5633.09 m5     0.00
1    5650.60 m5     0.00
1    5655.13 m20     0.00
1    5663.99 m6     0.00
3    5654.20 s10    14.66
1    5669.97 m26     0.00
1    5676.88 m1      0.00
1    5677.76 m13     0.00
1    5692.94 m13     0.00
1    5695.84 m8     0.00
1    5697.00 m32     0.00
1    5699.23 m40     0.00
1    5702.39 m6     0.00
1    5719.04 m26     0.00
1    5743.53 m10     0.00
1    5772.88 m5     0.00
1    5773.12 m15     0.00
1    5784.85 m5     0.00
1    5788.13 m13     0.00
1    5804.42 m10     0.00
1    5810.72 m6     0.00
1    5812.93 m13     0.00
1    5820.40 m5     0.00
1    5822.99 m6     0.00
1    5831.93 m10     0.00
1    5835.84 m10     0.00
1    5838.16 m8     0.00
1    5851.06 m6     0.00
1    5857.13 m5     0.00
1    5859.39 m5     0.00
1    5862.51 m10     0.00
1    5871.61 m8     0.00
1    5909.86 m6     0.00
1    5910.13 m6     0.00
1    5912.91 m5     0.00
1    5920.44 m5     0.00
1    5926.30 m6     0.00
1    5928.34 m9     0.00
1    5934.44 m1     0.00
1    5940.85 m25     0.00
1    5941.54 m1     0.00
2    5962.22 s20    15.01
1    5966.26 m8     0.00
2    5983.41 s10    15.00
1    5989.38 m5     0.00
1    5992.66 m5     0.00
1    6001.89 m1      0.00
2    6002.63 s30    14.69
1    6005.63 m6     0.00
1    6006.81 m6     0.00
1    6013.42 m8     0.00
1    6024.19 m12     0.00
2    6032.54 s100    14.73
2    6043.39 m12     3.26
1    6047.39 m6     0.00
2    6060.91 m100    14.97
1    6069.47 m6     0.00
1    6123.67 m5     0.00
1    6229.06 m5     0.00
1    6458.05 m3     0.00
1    6467.42 m3     0.00
1    6655.67 m1     0.00
1    6628.93 m4     0.00
1    6665.68 m1     0.00
1    6700.70 m3     0.00
1    6704.32 m7     0.00
1    6775.59 m5     0.00
1    6924.83 m4     0.00
2    6944.93 s10     4.07
1    6986.07 m1     0.00
1    6999.96 m2     0.00
1    7061.75 m1      0.00
1    7086.36 m1     0.00
2    8772.08 m4     1.77
1    8891.20 m5     0.00
