1 2595.21 m5   16.16
1 2613.59 m3   21.36 
1 2616.62 m3   21.40
1 2636.07 m3   21.53
1 2645.51 m5   21.53
1 2647.42 m15  21.30
1 2648.56 m3   21.30
1 2651.01 m5   21.30
1 2675.24 m15  21.30
1 2675.64 m15  21.30
2 2756.62 m1   35.04
2 2762.92 m1   35.00
2 2792.01 m3   34 98
1 2792.32 m2   21.05
2 2794.22 m3   35.00
1 2795.09 m3   21.15
2 2809.50 m2   34.96
1 2825.26 m1   21.05
1 2835.24 m2   21.22
1 2842.63 m2   21.20
1 2872.66 m4   21.16
2 2876.43 m2   34.83
2 2906.82 m1   34.83
2 2910.06 m2   34.80
1 2911.46 m3   20.18  
1 2913.17 m15  20.88
1 2932.73 m8   21.08
1 2947.30 m15  20.89
2 2955.73 m4   31.36
1 2974.72 m25  20.79
1 2975.52 m4   20.78
1 2979.81 m5   20.78
1 2880.65 m4   20.87
1 2980.92 m5   20.87 
1 2982.67 m25  20.79
1 2992.43 m15  20.76
2 3001.66 m3   31.35
1 3012.13 m5   20.79
1 3012.96 m5   20.77
1 3017.35 m5   20.78
2 3027.01 m1   34.61
2 3028.86 m1   31.36
1 3030.31 m5   20.75
2 3034.48 m2   34.60
2 3037.73 m1   34.63
2 3045.56 m1   34.64
2 3047.57 m3   34.61
2 3054.69 m2   34.63 
1 3057.39 m25  20.90
1 3063.70 m15  20.75
1 3076.97 m15  20.87
1 3078.88 m8   20.87
1 3079.18 m8   20.87
2 3094.08 m1   35.12
2 3118.02 m1   34.85 
1 3126.19 m15  20.81
1 3147.70 m3   20.79
1 3148.60 m8   20.78
1 3153.40 m5   20.77
2 3165.70 m1   34.84
1 3167.57 m5   20.76
2 3194.61 m1   34.83
2 3198.62 m2   34.80
2 3214.38 m2   34.81
2 3218.21 m8   34.73
2 3224.82 m1   37.85
2 3230.16 m2   34.38
2 3244.15 m28   34.74
2 3297.74 m4   30.92
2 3323.75 m4   31.51
2 3327.16 m2   30.95
2 3329.20 m1   34.60   
2 3334.87 m25  30.87
2 3344.43 m2   30.97
2 3360.63 m2   30.95
2 3367.20 m3   34.79 
1 3369.81 m50  20.29
1 3369.91 m70  20.29
2 3371.87 m1   34.85
1 3375.65 m5   20.29
2 3378.28 m2   31.52
2 3388.46 m3   34.83
2 3392.78 m2   31.50
2 3404.77 m1   38.02
2 3406.88 m2   38.02
2 3416.87 m1   34.74
2 3417.71 m2   34.74
1 3417.90 m50  20.29
1 3418.01 m5   20.29
1 3423.91 m5   20.29
2 3428.76 m2   35.12
1 3447.70 m15  20.21
1 3450.77 m5   20.21
1 3454.19 m8   20.26
1 3460.53 m8   20.29
1 3464.34 m8   20.19
1 3466.58 m15  20.29
1 3472.57 m50  20.19
2 3481.96 m3   31.31
1 3498.06 m8   20.21
1 3501.22 m15  20.21
2 3503.61 m2   34.87
1 3510.72 m5   20.15
1 3515.19 m15  20.19
1 3520.47 m100 20.37
2 3542.90 m4   34.85
2 3557.84 m1   31.34 
2 3561.23 m1   34.84
2 3565.84 m1   34.83 
2 3568.53 m3   34.02 
1 3593.53 m50  20.29
1 3593.64 m25  20.29
1 3600.17 m8   20.29
1 3609.18 m5   20.15
1 3633.67 m8   20.26
2 3664.11 m25  30.54
1 3682.24 m8   20.21
1 3685.74 m8   20.21 
2 3694.20 m25  30.51
1 3701.23 m4   20.19
2 3709.64 m4   30.56
2 3713.08 m25  31.11
2 3727.08 m13  31.17
2 3734.94 m4   30.54
2 3744.66 m1   34.83
2 3751.26 m2   30.57
2 3753.83 m2   34.81 
1 3754.22 m5   20.15
2 3766.29 m8   30.52
2 3777.16 m8   30.54
2 3800.02 m2   34.77
2 3818.44 m3   34.77
2 3829.77 m4   34.74
1 4042.64 m5   21.45
2 4062.90 m3   37.66
1 4064.04 m5   21.43
1 4080.15 m5   21.42
1 4131.05 m7   21.38
2 4133.65 m3   37.62
1 4164.80 m5   21.36
1 4166.09 m3   21.36
1 4174.37 m7   21.35
1 4175.22 m6   21.35
1 4175.49 m4   21.35
1 4198.10 m7   21.33
2 4217.15 m3   37.54
2 4219.76 m10  37.53
2 4231.60 m5   37.54
2 4250.68 m5   37.54
1 4268.01 m7   21.28
1 4269.72 m7   21.28
1 4270.27 m5   21.28
1 4274.66 m5   21.28
1 4275.56 m7   21.28
2 4290.40 m10  37.61
1 4306.24 m7   21.26
1 4314.70 m3   21.42
1 4334.13 m7   21.24
1 4336.22 m5   21.23
1 4363.52 m7   21.39
2 4369.77 m7   37.66
1 4372.16 m3   21.45
2 4379.50 m10  37.62
2 4381.22 m3   21.38
2 4391.94 m15  37.61
1 4395.56 m5   21.39
2 4397.94 m10  37.54
2 4409.30 m15  37.64
2 4413.20 m5   37.64
1 4416.82 m5   21.38
1 4421.56 m5   21.18 
1 4422.52 m30  21.18
1 4424.80 m30  21.18
1 4425.40 m15  21.18
1 4427.76 m3   21.49
2 4428.54 m10  37.64
2 4430.90 m5   37.62
1 4433.72 m7   21.35
2 4442.67 m3   37.62
2 4456.95 m7   37.54
1 4460.18 m10  21.33
1 4465.65 m5   21.35
1 4466.81 m7   21.35
2 4468.91 m7   37.54
1 4475.66 m10  21.38
1 4483.19 m15  21.14
1 4488.09 m30  21.14
1 4491.77 m8   21.33
1 4491.84 m5   21.40
1 4492.41 m3   21.40
1 4493.70 m5   21.33
2 4498.94 m2   37.56 
1 4500.18 m5   21.44
2 4508.21 m3   37.62
2 4514.89 m7   37.54
1 4516.94 m5   21.36
1 4517.74 m10  21.44
2 4522.66 m5   37.66
1 4525.78 m7   21.35
1 4526.18 m5   21.35
1 4529.48 m3   21.45
1 4536.31 m15  21.11
1 4537.68 m30  21.11
1 4537.75 m100 21.11
1 4538.31 m30  21.28 
1 4539.17 m5   21.28
1 4540.38 m5   21.28
1 4544.50 m5   21.43
1 4552.60 m5   21.33
2 4553.16 m5   37.54
1 4554.82 m4   21.45
1 4565.89 m6   21.34
1 4566.83 m4   21.35
2 4569.01 m7   37.63
1 4573.56 m5   21.28 
1 4575.06 m30  21.28
2 4580.35 m3   37.66
1 4582.04 m15  21.28
1 4582.45 m15  21.26
2 4588.13 m3   37.62
1 4593.24 m5   21.33
1 4595.25 m5   21.33
1 4609.91 m15  21.38
1 4614.39 m10  21.26
2 4615.98 m5   37.54
1 4617.84 m7   21.26 
1 4628.31 m15  21.38
1 4636.13 m7   21.28
1 4636.63 m7   21.28
1 4636.97 m5   21.28
1 4639.59 m3   21.28
1 4640.44 m7   21.38
1 4644.83 m4   21.27  
1 4645.42 m30  21.27
1 4649.90 m7   21.24
1 4653.70 m5   21.36 
1 4656.39 m30  21.04
1 4661.10 m15  21.04
1 4663.09 m4   21.35
1 4667.36 m10  21.38
1 4670.88 m7   21.35 
1 4678.22 m30  21.28
1 4678.60 m5   21.28
1 4679.14 m15  21.28
1 4680.36 m10  21.28
1 4681.20 m5   21.28
1 4683.76 m3   21.35
1 4687.67 m10  21.28
1 4702.53 m15  21.01 
1 4704.39 m150 21.01
1 4708.85 m120 21.01
1 4710.06 m100 21.01
1 4710.48 m3   21.36
1 4712.06 m100 21.18
1 4714.34 m7   21.18
1 4715.13 m3   21.23
1 4715.25 m3   21.18
1 4715.34 m150 21.18
1 4717.61 m7   21.23
1 4721.54 m7   21.26
1 4723.81 m7   21.33
1 4725.15 m7   21.26
1 4749.57 m30  21.18
1 4750.69 m3   21.18
1 4751.80 h30   21.18
1 4752.73 m100 21.18
1 4754.44 m10  21.18
1 4758.73 m15  21.24
1 4780.34 m5   21.28
1 4780.88 m3    21.28
1 4788.93 m30   21.14
1 4789.60 m10   21.27
1 4790.22 m5    21.28
1 4790.73 m3    21.27
1 4800.11 m2    21.28
1 4810.06 m15   21.28
1 4810.63 m10   21.27
1 4814.34 m5    21.28
1 4817.64 m30   21.18
1 4818.79 m15   21.18
1 4819.94 m7    21.18
1 4821.92 m30   21.14
1 4823.17 m10   21.27
1 4823.37 m5    21.18
1 4825.53 m5    21.26
1 4827.34 m100  20.95
1 4827.59 m30   21.14
1 4837.32 m50   20.94
1 4842.94 m5    21.28
1 4851.50 m6    21.27
1 4852.66 m10   21.28
1 4863.08 m10   21.18
1 4864.35 m3    21.23
1 4865.51 m10   21.18
1 4866.48 m8    21.18
1 4867.01 m7    21.33
1 4868.27 m7    21.18
1 4884.91 m100  21.23
1 4885.08 m10   21.11
1 4892.09 m50   21.14
1 4897.92 m7    21.14
1 4899.01 m5    21.23
1 4928.24 m7    21.24
1 4930.94 m5    21.23
1 4939.04 m10   21.14
1 4944.99 m10   21.14
1 4955.38 m15   21.11 
1 4957.03 m100  21.11
1 4957.12 m15   21.11
1 4973.54 m10   21.18
1 4974.76 m5    21.18
1 4994.93 m15   21.18      
1 5005.16 m50   21.113
1 5005.33 m5    21.11
1 5011.00 m3    21.18
1 5022.87 m3    21.04
1 5031.35 m25   21.019
1 5035.99 m4    21.01
1 5037.75 m50   21.01
1 5052.93 m3    21.14
1 5074.20 m4    21.01
1 5076.58 m4    21.01 
1 5080.39 m15   21.016
1 5083.97 m3    21.01
1 5099.04 m3    21.03
1 5104.71 m4    21.04
1 5113.68 m8    20.80 
1 5116.50 m15   20.80
1 5117.01 m4    20.80
1 5120.51 m3    21.11  
1 5122.26 m16   21.113
1 5122.34 m15   21.113
1 5144.94 m50   21.113
1 5145.01 m50   21.113 
1 5145.12 m4    21.11
1 5150.08 m4    21.04
1 5151.96 m8    21.02
1 5154.42 m5    21.02
1 5156.66 m5    21.01
1 5158.89 m50   21.11
1 5188.61 m15   20.944
1 5191.33 m4    21.11
1 5193.13 m15   21.113
1 5193.22 m15   21.113
1 5203.90 m15   21.019
1 5208.86 m7    21.01
1 5210.57 m5    21.01
1 5214.34 m4    21.01
1 5222.35 m5    20.95 
1 5234.03 m5    20.94
1 5274.04 m4    21.04
1 5280.09 m5    21.04 
1 5298.19 m15   21.044
1 5304.76 m7    20.95
1 5216.81 m3    20.95
1 5326.40 m8    20.71
1 5330.78 m60   20.707
1 5333.32 m5    21.01
1 5341.09 m100  20.702
1 5343.29 m60   20.702
1 5349.21 m15   21.044
1 5355.18 m15   21.01
1 5355.42 m15   21.041
1 5360.01 m15   20.949
1 5360.44 m4    21.01
1 5362.25 m3    21.01
1 5366.22 m3    21.01
1 5372.31 m8    20.94
1 5374.98 m5    21.02 
1 5383.26 m3    21.01 
1 5400.56 m200  18.966
2 5412.66 m25   39.853
1 5418.56 m15   21.014
1 5420.16 m5    21.01
1 5433.65 m25   20.66
1 5448.51 m15   20.657
1 5494.41 m5    20.95
1 5507.34 m3    20.93
1 5533.68 m8    20.94
1 5538.64 m5    20.95
1 5559.09 m4    20.80
1 5562.44 m15   20.80 
1 5562.769 m50  20.804
1 5563.05 m8    20.80
1 5576.05 m4    20.95
1 5589.38 m5    20.93
1 5652.57 m8    20.80
1 5656.03 m8    20.80 
1 5656.658 m50  20.804
3 5658.446 c1   46.424
1 5662.55 m8    20.57
1 5684.65 m3    21.16
1 5689.82 m15   20.560 
1 5715.34 m4    20.80
1 5718.90 m15   20.80
1 5719.23 m50   20.804
1 5719.53 m8    20.80 
1 5748.30 m50   20.71
1 5748.65 m70   20.70
1 5760.59 m7    20.70
1 5764.421 m70  20.706
1 5770.31 m5    21.11
1 5804.10 m8    20.70
1 5804.45 m50   20.711
1 5811.42 m30   20.709
1 5816.65 m5    20.70
1 5820.157 m50  20.706
1 5828.91 m8    20.70
1 5852.48 m200 18.966
1 5868.42 m8    20.80
1 5872.15 m8    20.80
1 5872.83 m4    20.80 
1 5881.89 m100  18.727
1 5902.46 m5    20.80
1 5906.43 m5    20.71
1 5913.63 m25   20.709
1 5918.91 m25   20.806
1 5922.71 m3    20.70
1 5934.46 m8    20.70
1 5939.32 m5    20.66 
1 5944.83 m50   18.704
1 5961.63 m7    20.604
1 5965.47 m50  20.804
1 5966.17 m4    20.80
1 5974.63 m50  20.712
1 5975.54 m60  18.694
1 5987.91 m15   20.707
1 5991.68 m8    20.70
1 6000.95 m10   20.702
1 6030.00 m100 18.727
1 6046.16 m5    20.66
1 6064.55 m5    20.65
1 6074.37 m100 18.712
1 6096.16 m30  18.704
1 6128.45 m10   18.694
1 6142.51 m10   20.711
1 6143.06 m100  18.637
1 6150.298 m10  20.709
1 6156.15 m5    20.70
1 6163.597 m100 18.727
1 6174.89 m8    20.71
1 6175.29 m5    20.70 
1 6182.147 m15  20.560
1 6189.08 m7    20.70
1 6193.08 m5    20.70 
1 6205.79 m10   20.709
1 6213.88 m15   20.571
1 6217.28 m100  18.613
1 6225.74 m5    20.70
1 6246.73 m10   20.560
1 6258.79 m10   20.707
1 6266.49 m100  18.694
1 6273.02 m7    20.70
1 6276.04 m5    20.70 
1 6293.76 m10   20.663
1 6304.79 m10   18.637
1 6313.690 m15  20.657
1 6328.17 m30   20.663
1 6330.89 m15   20.571
1 6334.426 m100 18.576
1 6351.86 m10   20.663
2 6365.01 m10   39.450
1 6382.99 m100  18.613
1 6401.08 m10   20.663
1 6402.246 m200 18.555
1 6421.71 m10   20.657
1 6444.72 m15   20.560
1 6506.53 m100  18.576
1 6532.88 m10   18.613
1 6598.953 m100 18.727
1 6602.91 m10   20.571
1 6652.09 m15   18.712
1 6666.89 m10   20.571
1 6678.28 m50   18.704
1 6717.04 m7    18.69
1 6738.06 m7    20.80
1 6929.467 m100 18.637
1 7024.05 m50   18.613
1 7032.41 m100  18.382
1 7051.29 m7    20.14 
1 7059.11 m20   20.138
1 7173.94 m100  18.576
1 7245.17 m100  18.382
1 7304.82 m3    20.66
1 7438.90 m30   18.382
1 7472.43 m5    20.04
1 7488.87 m50   20.037
1 7535.77 m30   20.027
1 7544.05 m10   20.025
1 7839.08 m3    20.13
1 7937.01 m7    20.13
1 7943.18 m20   20.136
1 7944.16 m2    20.13
1 8082.48 m20   18.382
1 8118.55 m10   20.140
1 8128.93 m6    20.13
1 8136.41 m330  20.136
1 8248.70 m3    20.14
1 8259.38 m15   20.13 
1 8266.08 m20   20.13
1 8267.11 m8    20.13
1 8300.33 m60   20.05
1 8301.54 m15   20.04
1 8365.75 m15   20.03 
1 8376.41 m20   20.03
1 8377.61 m80   20.03
1 8417.18 m10   20.05
1 8418.43 m40   20.05
1 8463.37 m15   20.04
1 8484.45 m8    20.03
1 8495.36 m50   20.03
1 8544.70 m6    20.02
1 8571.36 m10   20.14
1 8582.91 m6    20.13
1 8591.26 m40   20.13
1 8634.65 m60   20.05
1 8635.31 m5    20.13
1 8647.05 m30   20.13
1 8654.38 m200  20.15
1 8654.51 m40   20.13
1 8679.49 m50   20.14
1 8681.92 m50   20.04
1 8704.15 m20   20.03
1 8767.55 m2    20.02
1 8771.70 m40   20.14
1 8778.75 m15   20.02
1 8780.62 m100  20.05
1 8782.01 m5    20.04
1 8783.75 m100  20.13
1 8792.51 m3    20.13
1 8830.92 m5    20.04
1 8853.87 m70   20.03
1 8865.33 m10   20.03
1 8865.76 m50   20.03
1 8892.22 m1    21.05
1 8919.50 m30   20.02
1 8929.24 m1    21.05
1 8988.58 m20   19.76
1 9121.14 m2    21.40
1 9148.68 m60   20.04
1 9201.76 m60   20.03
1 9220.05 m40   20.04
1 9221.59 m20   20.04
1 9221.88 m2    20.04 
1 9226.67 m20   20.03
1 9275.53 m10   20.03
1 9300.85 m60   20.03
1 9310.58 m15   20.02
1 9313.98 m30   20.03
1 9326.52 m60   20.03
1 9373.28 m20   20.02
1 9425.38 m50   20.02
1 9432.94 m4    20.03
1 9452.08 m1    21.35
1 9459.21 m30   20.03
1 9486.68 m50   19.68
1 9534.17 m50   20.02
1 9535.17 m40   10.00
1 9547.40 m30   20.02
1 9665.42 m100  19.66
1 9837.47 m2    21.28
1 9900.58 m4    21.30
1 10562.43 m20  20.13      

