1 2040.66 m820   6.50
1 2068.58 a8     6.41
3 2069.98  20   15.91
1 2072.89 a10    7.05
1 2073.08 m480   5.98
1 2099.16 m570   6.14
1 2096.39 m140   6.98
1 2100.93 m160   6.32
1 2113.93 m530   6.07
1 2148.73 m60    5.97
1 2151.43 m150   0.00
1 2171.32 a8     6.78
1 2194.49 m160   6.07
1 2199.34 m220   5.84
1 2209.66 m330   6.03
1 2211.05 m30    6.67
4 2220.88  20   26.09
4 2229.13  30   26.09
1 2231.72 m-17938  0.00
1 2246.05 m420   5.52
1 2251.17 m20    6.57
1 2267.19 m49    6.53
1 2268.91 m320   5.88
1 2282.26 a2     6.50
1 2286.68 m65    5.84
1 2317.23 m230   6.41
1 2334.80 m140   5.51
1 2354.84 m550   5.47
1 2357.90 m6     6.32
2 2368.33 c22    5.76
1 2380.72 m20    5.41
1 2408.15 m26    6.21
1 2421.70 m360   6.18
1 2429.49 m550   5.51
1 2433.47 m4     5.52
2 2448.98 c15   12.36
1 2455.23 m5     5.47
1 2483.40 m110   5.41
2 2483.48 c13    0.00
2 2486.99 c10   12.36
1 2495.70 m110   6.03
1 2523.91 m15    5.97
1 2531.17 a8     7.02
1 2546.55 m240   4.86
1 2558.01 a4     6.97
1 2571.58 m100   5.88
1 2594.42 m55    5.84
3 2631.79  15   22.23
1 2636.94 a5     6.82
3 2643.56  20   22.23
3 2658.57  25   22.24
1 2661.24 m140   4.86
1 2706.51 m700   4.78
1 2761.78 m11    4.91
1 2779.81 m100   5.52
1 2785.03 m32    5.51
1 2787.96 a6     6.57
1 2812.59 m12    6.54
1 2813.58 m60    5.47
1 2839.99 m1400  4.78
1 2850.62 m170   5.41
1 2863.32 m1000  4.32
4 2887.66  20   24.82
3 2896.06  30   20.19
1 2913.54 m24    6.38
1 3009.14 m700   4.33
1 3032.80 m40    6.21
1 3034.12 m850   4.30
2 3047.50 c12   11.44
1 3141.84 m4     6.06
1 3175.05 m550   4.33
1 3218.71 a4     5.97
1 3223.57 a1     4.91
1 3262.34 m550   4.87
2 3283.21 c50   11.07
1 3330.62 m110   4.79
2 3351.97 c60   11.07
2 3472.46 c10   12.43
2 3575.45 c11   12.44
1 3655.78 m40    5.52
1 3801.02 m280   4.33
1 4524.74 m40    4.87
2 5332.36 c10   11.18
2 5561.95 c20   11.20
2 5588.92 c25   11.07

