2 2051.88  1     9.08
2 2152.84 m140   7.56
2 2165.96 m150   7.56
2 2282.00  2     8.37
2 2322.36  2     8.37
2 2324.52  1     8.37
2 2423.60  1     8.05
1 2428.10 m2     5.10
2 2471.60  2     8.05
1 2569.47 m1     4.82
1 2931.83 m2     4.23
1 3301.73 m3     5.53
1 3307.53 a4     5.54
1 3322.23 a5     5.53
1 3330.00 m3     5.52
1 3351.25 m4     5.54
1 3366.33 m3     5.53
2 3380.71 m65    6.61
2 3464.46 m95    6.62
2 3474.89 m12    6.61
1 3499.67 a4     5.33
1 3548.08 a4     5.33
1 3807.38 a4     5.05
1 3865.46 a4     5.05
1 3940.80 m3     4.92
1 3969.26 m6     4.92
1 3970.04 m3     4.92
1 4030.38 m13    4.92
2 4077.71 m4600  3.04
2 4161.80 m20    5.91
2 4215.52 m3200  2.94
2 4296.82  0     5.91
2 4305.45 m34    5.91
2 4312.74  0     5.13
1 4319.12 a3     5.13
1 4337.89 a4     5.13
1 4361.71 a4     4.64
1 4438.04 m3     4.64
1 4607.33 m650   2.69
1 4722.28 m32    4.42
1 4741.92 m22    4.39
1 4784.32 m14    4.39
1 4811.88 m48    4.42
1 4832.08 m36    4.34
1 4855.05 m5     4.80
1 4868.70 m6     4.80
1 4872.49 m30    4.34
1 4876.33 m20    4.39
1 4891.98 m10    4.80
1 4892.66 a2     4.80
1 4962.26 m80    4.35
1 4967.94 m13    4.34
1 5156.07 m8     4.90
1 5222.20 m14    4.62
1 5225.11 m20    4.62
1 5229.27 m20    4.63
1 5338.55 m28    4.62
1 5256.90 m48    4.63
2 5303.13  0     4.82
1 5329.82 m3     4.82
2 5379.13  0     4.53
2 5385.45  0     4.53
1 5450.84 m15    4.53
1 5480.84 m70    4.53
1 5486.12 m11    4.51
1 5504.17 m35    4.51
1 5521.83 m26    4.50
1 5534.81 m20    4.51
1 5540.05 m20    4.50
1 5543.36 m2     4.92
1 6380.73 m100   4.19
1 6386.46 m90    4.21
1 6408.46 m900   4.21
1 6503.99 m550   4.17
1 6546.79 m100   4.17
1 6550.24 m170   4.58
1 6617.27 m300   4.13
1 6643.54 m80    4.13
1 6791.02 m180   3.60
1 6878.31 m480   3.60
1 6892.59 m120   1.80
1 7070.07 m550   3.60
1 7309.42 m250   4.19
