3 1974.99 s50   13.42
3 2000.23 s50    0.00
3 2006.82 s100   6.89
3 2035.42 s100  13.05
3 2060.83 s100   7.10
3 2070.43 s150  13.11
3 2077.92 s100   7.00
3 2080.99 s100  13.71
3 2086.78 s200   6.65
4 2091.49 s125  25.65
4 2092.40 s150  25.65
2 2095.80  50    7.67
4 2163.62 s500  10.48
3 2175.83 s100  13.19
3 2191.15 s100  13.07
3 2206.33 s60   13.01
3 2231.00 s60    6.64
1 2285.25 a6     0.00
4 2286.66 s200  10.17
2 2291.15  15    7.08
2 2294.08  12    7.17
3 2301.60 s100   0.00
3 2308.12 s75    7.70
2 2317.27  15    7.01
2 2324.77  15    7.07
2 2330.38  18    7.07
2 2357.45  18    7.01
1 2363.52 a10    5.24
1 2374.43 m4     5.22
2 2387.17  12    5.99
1 2405.52 m3     5.30
3 2420.65 a75    7.40
3 2444.57 s50    7.40
3 2448.86 s100   7.49
2 2449.83 m10    5.59
2 2457.43 m1     5.60
2 2487.28 m5     5.99
2 2496.48 m3     5.93
2 2532.47 m12    4.99
1 2539.62 m6     4.95
2 2542.10 m15    4.91
1 2550.50 m3     4.93
2 2550.71 m15    4.86
2 2567.62 m38    4.83
2 2568.85 m110   4.99
2 2571.42 m140   4.91
2 2583.38 m5     5.35
2 2589.02 m9     5.31
3 2593.65 s100   7.12
3 2620.56 s100   7.16
3 2628.26 s60    7.00
2 2630.91 m17    5.27
3 2643.79 s200   7.12
3 2656.46 s100   7.00
3 2664.26 s100   7.77
2 2678.63 m200   4.79
3 2682.16 s100   6.95
3 2686.28 s50    6.89
3 2690.49 s50    6.88
3 2698.31 s50    7.70
2 2700.13 m85    4.68
1 2706.15 m10    4.58
2 2711.51 m32    4.57
2 2722.61 m150   4.72
2 2726.49 m90    4.64
2 2732.72 m55    4.63
2 2734.84 m160   4.57
2 2742.56 m120   4.52
2 2745.86 m75    4.61
2 2752.21 m75    4.54
2 2758.81 m60    4.49
2 2768.73 m22    4.64
1 2790.14 m22    5.07
1 2798.30 a6     4.50
1 2806.77 m10    4.93
1 2814.91 m70    4.42
2 2818.74 m44    5.36
1 2819.56 m8     5.03
2 2825.56 m60    5.32
1 2829.80 m7     4.92
1 2837.23 m80    4.44
2 2844.58 m75    5.36
1 2848.50 m40    4.51
2 2851.97 m40    5.30
2 2869.81 m38    5.32
1 2875.98 m55    4.46
2 2915.99 m34    4.72
2 2918.24 m30    5.26
2 2926.99 m36    5.99
2 2948.94 m36    5.17
2 2955.78 m36    5.93
1 2960.87 m50    4.18
2 2962.68 m50    4.54
2 2968.96 m50    4.64
2 2969.63 m36    4.49
2 2978.05 m50    4.57
2 2979.18 m36    4.52
2 2981.02 m26    4.72
1 2985.39 m130   4.15
2 3003.74 m50    4.68
1 3005.50 m26    5.12
1 3011.75 m130   4.19
2 3019.84 m26    4.14
2 3020.47 m55    4.63
2 3028.04 m80    5.06
1 3029.52 m140   4.25
2 3030.92 m28    4.09
2 3036.50 m55    4.64
2 3054.84 m110   5.07
2 3095.07 m40    4.04
2 3099.23 m44    4.00
2 3106.58 m110   4.99
2 3110.88 m34    4.08
1 3120.74 m55    4.49
2 3125.92 m50    3.96
2 3129.18 m80    4.49
2 3129.76 m80    4.00
1 3131.11 m22    4.48
1 3132.07 m55    4.50
2 3133.49 m55    4.90
1 3136.96 m28    4.58
2 3138.66 m110   4.05
1 3139.80 m22    4.58
1 3148.82 m28    4.48
2 3155.67 m46    4.86
1 3157.82 m50    4.47
2 3164.31 m85    4.63
2 3165.97 m140   4.08
2 3178.09 m30    4.86
2 3181.58 m30    4.83
2 3182.86 m140   4.45
1 3191.23 m85    3.88
2 3191.90 m34    4.68
1 3212.02 m85    3.92
2 3214.19 m120   3.94
2 3228.81 m32    4.64
2 3231.69 m100   3.87
1 3234.12 m100   3.98
2 3241.01 m120   3.86
1 3250.39 m50    3.88
1 3254.28 m32    5.91
1 3260.11 m32    4.32
1 3269.66 m30    4.31
2 3272.22 m85    3.79
2 3273.05 m160   3.95
2 3279.27 m200   3.88
1 3282.73 m50    3.93
2 3284.71 m140   3.78
2 3305.15 m85    3.79
2 3306.28 m140   3.79
2 3314.50 m34    4.45
2 3322.99 m60    4.49
2 3326.80 m60    5.26
2 3334.25 m60    4.72
2 3334.62 m34    4.27
2 3338.41 m30    4.67
2 3340.56 m120   3.87
2 3344.79 m60    4.72
2 3354.39 m28    4.45
2 3356.09 m120   3.79
2 3357.26 m85    3.69
2 3359.96 m28    5.17
1 3360.46 m24    4.32
1 3370.59 m24    4.31
2 3373.42 m28    4.68
2 3374.73 m60    4.67
2 3387.87 m90    4.63
2 3388.30 m120   3.65
2 3391.98 m900   3.82
2 3393.12 m90    3.69
2 3396.33 m26    4.61
2 3399.35 m60    3.97
2 3403.68 m30    4.64
2 3404.83 m90    4.00
2 3408.08 m30    4.61
2 3410.25 m120   4.05
1 3414.66 m60    3.70
2 3430.53 m160   4.08
2 3437.14 m60    4.32
2 3438.23 m750   3.69
1 3440.45 m28    3.60
1 3446.61 m30    4.11
1 3447.37 m95    3.59
1 3455.91 m32    4.10
2 3457.56 m65    4.14
2 3458.93 m32    4.54
1 3461.09 m26    4.58
2 3463.02 m130   5.06
1 3471.18 m95    3.57
1 3478.79 m32    4.10
2 3479.02 m28    4.09
2 3479.39 m190   4.28
2 3481.15 m200   4.36
1 3482.81 m30    3.63
1 3483.01 m30    4.56
2 3483.54 m120   4.32
2 3496.21 m650   3.58
2 3499.58 m30    3.95
2 3505.49 m55    5.07
2 3505.67 m130   3.69
1 3509.32 m160   3.60
2 3510.48 m32    4.09
1 3519.61 m320   3.52
2 3525.81 m70    3.87
1 3533.22 m70    3.66
1 3535.16 m34    4.50
2 3542.62 m100   5.26
1 3547.68 m280   3.56
1 3549.74 m34    4.49
1 3550.46 m100   3.49
2 3551.95 m280   3.58
2 3556.60 m340   3.95
1 3558.96 m24    4.11
1 3566.10 m170   3.62
2 3572.47 m340   3.46
2 3573.08 m34    3.79
1 3575.79 m170   3.53
2 3576.85 m200   3.88
1 3577.55 m28    4.46
1 3586.28 m140   3.45
2 3587.98 m70    3.77
2 3588.32 m28    3.86
1 3601.19 m550   3.59
2 3607.38 m26    4.67
2 3611.89 m110   5.17
2 3613.10 m180   3.47
1 3613.70 m22    3.95
2 3614.77 m180   3.79
1 3623.87 m180   3.49
2 3630.02 m28    3.77
1 3634.15 m50    3.56
2 3636.45 m28    3.88
1 3661.20 m32    3.46
1 3663.65 m110   3.53
2 3671.27 m48    4.09
2 3674.72 m100   3.69
2 3697.46 m48    3.82
2 3698.17 m120   4.36
2 3709.26 m90    4.15
1 3714.13 m24    3.49
2 3731.26 m34    5.08
2 3745.97 m70    5.07
2 3751.60 m110   4.28
1 3764.39 m60    3.29
1 3766.72 m60    4.82
2 3766.83 m42    3.69
1 3780.53 m90    3.27
1 3791.40 m70    3.34
2 3817.58 m26    3.77
1 3822.41 m70    3.24
1 3835.96 m280   3.23
2 3836.76 m160   3.78
2 3843.03 m50    3.58
1 3847.01 m50    3.29
1 3849.25 m50    3.22
1 3863.88 m260   3.27
1 3864.34 m70    3.36
1 3877.60 m90    4.19
1 3885.41 m140   3.19
1 3890.32 m260   3.34
1 3891.38 m180   3.34
1 3900.52 m36    3.17
2 3914.34 m3     5.58
2 3915.94 m28    3.69
1 3921.79 m55    3.23
1 3929.53 m110   3.22
2 3958.22 m85    3.65
1 3966.66 m44    3.28
1 3968.26 m90    3.27
1 3973.50 m60    3.19
1 3979.29 m18    4.70
2 3991.13 m70    3.87
2 3998.97 m70    3.65
1 4023.98 m36    3.77
1 4024.92 m70    3.73
1 4027.21 m90    3.69
1 4028.95 m22    3.59
2 4029.68 m36    3.79
1 4030.04 m44    3.68
1 4035.89 m36    3.22
1 4042.22 m22    4.46
1 4043.58 m55    3.58
1 4044.56 m44    3.67
2 4045.61 m36    3.77
2 4048.67 m55    3.87
1 4055.03 m70    3.67
1 4055.71 m54    4.64
1 4061.53 m30    3.57
1 4064.16 m140   3.69
1 4072.70 m180   3.72
1 4074.93 m28    3.58
1 4078.31 m22    3.56
1 4081.22 m180   3.77
1 4121.46 m36    3.55
2 4149.20 m110   3.79
2 4156.24 m26    3.69
2 4161.21 m26    3.69
1 4166.37 m36    3.65
1 4187.56 m60    4.40
1 4194.76 m36    4.35
1 4199.09 m55    3.58
1 4201.46 m55    3.57
2 4208.98 m55    3.66
1 4213.86 m36    3.54
1 4227.76 m180   3.66
1 4236.06 m18    4.29
1 4239.31 m180   3.61
1 4240.34 m70    3.52
1 4241.20 m70    3.54
1 4241.69 m110   3.57
1 4256.44 m7     3.43
1 4268.02 m28    3.53
1 4282.20 m50    3.54
1 4294.79 m50    3.57
1 4302.89 m28    3.61
1 4341.13 m50    4.25
1 4347.89 m95    3.84
2 4359.74 m26    4.08
1 4360.81 m28    3.36
1 4366.45 m32    4.20
1 4420.46 m22    4.17
2 4442.99 m13    4.28
1 4470.56 m17    4.36
1 4507.12 m50    3.29
1 4135.75 m55    3.25
1 4542.22 m44    3.36
1 4575.52 m44    2.71
1 4602.57 m32    4.57
