1 2133.58 a14    5.81
1 2141.46 a15    5.79
1 2152.00 a15    5.76
1 2165.10 a13    5.72
1 2166.62 a20    5.72
1 2166.87 a20    5.72
1 2188.06 a20    5.66
1 2199.95 a12    5.64
1 2206.46 a18    5.62
1 2221.08 a20    5.58
1 2229.79 a12    5.55
1 2239.57 a15    5.53
1 2245.61 h12    6.12
2 2254.73 h10    6.19
1 2263.50 a20    5.47
1 2265.51 a20    5.47
1 2276.70 a20    5.44
4 2296.84 s50   24.54
2 2304.24 m140   5.98
1 2310.67 a20    5.36
1 2323.40 a20    5.33
4 2323.57 s200  24.48
1 2327.38 a20    5.32
2 2335.27 m200   6.00
2 2347.58 m19    5.98
1 2355.75 a20    5.26
1 2379.50 a20    5.21
4 2384.88 s100  24.36
1 2414.10 a6     5.13
1 2420.12 a8     5.12
1 2427.43 a10    5.11
4 2432.31 s100  24.64
1 2432.54 a15    5.09
1 2438.87 a6     5.08
4 2508.77 s50   24.48
4 2512.17 s100  24.36
2 2528.51 m6     7.40
4 2541.62 s100  24.48
4 2546.62 s50   24.51
4 2559.50 s200  24.48
4 2566.83 s50   24.51
4 2570.36 s100  24.36
1 2596.64 h40    4.77
2 2634.78 m10    7.41
2 2647.29 h10    7.19
1 2702.63 m3     4.59
2 2771.36 m1     7.19
1 2785.28 h50    4.45
1 3071.58 m18    4.04
1 3183.16 h5     5.04
1 3203.70 h2     4.99
1 3221.63 h2     5.04
1 3222.19 h20    4.99
1 3261.96 h40    4.99
1 3262.34 h3     4.92
1 3281.50 h25    4.92
1 3281.77 h8     4.92
1 3315.75 h10    0.00
1 3322.80 h30    4.92
1 3356.80 h40    4.82
1 3377.08 h15    4.82
1 3420.32 h8     4.81
1 3501.11 m50    3.54
1 3524.97 h20    4.64
1 3544.66 h20    4.64
1 3547.68 h10    4.64
1 3579.67 h10    4.65
1 3599.40 h10    4.58
1 3611.00 h10    4.62
1 3630.64 h15    4.60
1 3636.83 h18    4.82
1 3662.53 h10    4.52
1 3889.33 m7     3.19
2 3891.79 m140   5.69
1 3909.91 m10    4.29
1 3935.72 m14    4.29
1 3937.87 m3     4.29
1 3975.36 h10    4.79
1 3993.40 m18    4.30
1 3995.66 m3     4.29
2 4130.66 m150   5.72
1 4132.43 m6     3.00
2 4166.01 m20    5.69
1 4239.56 h10    4.60
1 4242.61 h10    4.49
1 4264.42 h15    4.43
2 4267.95 h80    8.89
1 4283.10 h20    4.31
2 4309.32 h80    8.89
1 4323.00 h15    4.43
1 4325.15 h15    4.54
1 4332.91 h20    4.43
1 4350.33 m7     4.42
1 4359.53 h15    4.52
1 4402.54 m10    4.38
1 4406.85 h20    4.49
1 4413.66 h10    4.48
1 4431.89 m15    4.32
1 4467.09 h20    4.45
1 4488.98 m3     4.44
1 4493.64 m3     4.43
1 4505.92 m13    4.32
1 4523.17 m5     4.42
2 4524.95 m13    5.25
2 4554.04 m6500  2.72
1 4573.85 m8     4.27
1 4579.64 m14    4.38
1 4591.82 h15    3.84
1 4599.75 m4     4.26
1 4604.98 h10    3.81
1 4619.92 m2     4.20
1 4628.33 h40    3.82
1 4636.33 h20    0.00
1 4673.62 m3     3.84
1 4691.62 m13    4.32
1 4700.43 m3     4.20
2 4708.94 h80    8.76
1 4826.44 m8     4.03
2 4843.46 h80    8.76
1 4877.65 h3     4.78
2 4899.97 m40    5.25
1 4902.90 m1     4.20
2 4934.09 m2000  2.51
2 4957.15 h50    8.48
2 5013.08 h50    8.48
1 5054.98 m2     4.69
1 5159.94 m6     4.64
1 5175.62 h3     0.00
1 5267.03 m2     4.59
1 5277.63 h10    0.00
1 5294.13 h10    0.00
1 5302.81 h20    0.00
1 5308.95 h10    0.00
2 5361.35 h40    8.01
2 5391.60 h50    8.02
1 5404.92 h15    0.00
1 5424.55 m22    3.81
1 5473.69 m1     0.00
1 5519.05 m32    3.82
1 5535.48 m650   2.24
1 5593.30 h12    4.46
1 5777.62 m500   3.80

