3 1999.59  9     14.44
2 2001.02  30     8.72
1 2006.26  15     1.12
2 2007.01  12     9.01
1 2007.21  15     1.12 
2 2007.45  15     7.84
2 2007.71  12     7.86
2 2007.84  6     14.43
2 2010.69  25     8.74
2 2013.27  15     7.88
2 2015.50  20     7.84
2 2016.09  10     8.98
1 2016.51  5     7.06
1 2017.09  15    7.86
2 2018.77  25     8.10
2 2020.74  74     7.80
2 2027.79  5     8.96
2 2029.18  8     8.08
2 2032.41  25     8.12
2 2036.43  20     8.63
2 2040.69  25     8.03
3 2039.51  6     17.55
1 2041.20  25    2.00
2 2041.34  25    8.04
1 2048.49  5     8.63
2 2051.03  25     8.07
2 2051.69  25     8.08
2 2055.27  20     8.31
2 2057.33  12     7.69
2 2063.67  25     7.97
2 2066.00  15     8.34
2 2067.92  20     8.64
2 2069.95  10     9.41
2 2070.33  8     9.37
2 2071.82  10     8.25
2 2073.15  8     7.70
2 2074.19  8     7.94
2 2075.68  5     8.24
2 2077.51  12     8.60
2 2078.16  8     7.92
2 2080.91  20     7.99
1 2084.12 m300   5.95
1 2087.52  25    5.98
1 2090.38  30    5.98
1 2090.86  20    6.01
1 2093.66  40    5.97
2 2093.68  35     9.69
2 2097.51  25     7.60
1 2098.08  15    5.99
2 2098.18  25     8.42
1 2098.95  25    6.01
1 2100.14  10     5.98
1 2100.80  15    5.98
1 2102.35  15    5.94
1 2103.05  25    5.98
1 2106.26  20    5.99
1 2106.38  25    5.97
1 2107.13  8     0.00
2 2107.55  10     9.13
1 2108.14  12    5.87
1 2108.20  5     5.93
1 2108.96  10    5.98
2 2109.10  10     9.07
2 2109.61  25     9.07
1 2109.86  25    2.00
1 2110.23  30    5.99
2 2110.72  15     8.22
1 2111.27  20    0.00
1 2112.97  25    5.98
1 2113.08  20    6.73
1 2114.59  25    5.97
1 2115.17  8     5.94
2 2116.96  25     9.00
2 2118.19  8     8.42
2 2119.05  12     8.36
1 2119.12  5     5.89
1 2121.94  6     2.00
1 2125.01  30    2.00
1 2127.87  5     2.00
2 2127.97  10     9.64
2 2130.26  15     7.49
1 2130.42  5     6.73
2 2130.55  12     9.06
2 2130.96  20    7.49
1 2132.02  12    5.81
2 2133.99  8     9.00
1 2135.96  10    2.00
2 2136.52  20     9.07
2 2137.73  15     5.90
2 2138.10  20     8.33
1 2138.59  8     5.79
1 2139.70  8     5.84
1 2141.47  10    2.00
1 2145.19  12    5.83
2 2146.06  10     5.82
2 2147.04  8     7.80
2 2147.72  15     8.96
0 2147.79  8     2.00
2 2148.50  5     8.97
1 2149.17  10    6.68
1 2150.18  8     5.86
2 2150.62  20     8.30
2 2150.76  10     9.00
1 2151.10  8     5.82
2 2151.70  20    8.03
2 2152.37  12     8.03
2 2152.49  25     8.33
1 2153.00  10    5.84
2 2153.28  5     8.95
2 2153.37  12     8.03
1 2154.46  15    6.61
1 2155.64  8     2.00
2 2155.84  5     8.97
2 2156.47  20    8.97
1 2157.79  10    5.79
1 2158.48  12    5.79
2 2159.15  10     5.81
1 2159.65  8     5.85
1 2159.89  12    5.85
2 2161.16  15     8.95
2 2161.31  20     9.07
1 2161.58  6     5.84
2 2162.02  5     7.70
1 2162.24  10    2.00
1 2163.37  12    2.00
1 2163.86  8     5.85
2 2164.34  8     7.41
1 2164.56  7     5.81
2 2165.55  10     8.56
1 2165.87  20    2.00
2 2166.20  20     8.93
1 2166.77 m360   5.72
2 2167.40  12     8.23
2 2167.88  12     8.94
1 2168.38  8     2.00
2 2168.92  8     8.95
2 2169.43  10    10.53
2 2169.95  8    10.47
2 2170.19  5    10.55
1 2170.54  10    0.00
1 2171.30  10    5.79
1 2172.58  6     5.81
2 2172.68  8    10.52
2 2172.99  15     8.24
1 2173.21  8     5.81
2 2173.72  15     7.40
2 2174.85  8     8.33
2 2175.45  8     7.72
1 2176.84  8     5.81
2 2177.02  10     8.03
1 2178.09 m150   5.75
1 2178.96  8     2.00
1 2180.87  8     5.79
2 2183.30  12    7.70
1 2183.47  6     5.78
2 2183.80  10     8.93
2 2183.98  20    7.70
2 2185.62  8     9.05
1 2186.24  5     5.66
1 2186.48  50    5.72
1 2186.89  6     5.78
1 2187.19  50    5.75
2 2187.44  12     9.04
2 2187.68  10     7.69
1 2189.18  6     7.16
1 2190.77  20    2.00
1 2191.20  10    5.78
1 2191.84 m66    5.74
2 2192.67  5     8.99
1 2192.82  5     2.00
1 2193.41  8     6.56
1 2196.04 m63    5.75
2 2197.27  5     8.98
1 2199.57  10    2.00
1 2200.39  50    5.75
1 2200.72  35    5.74
1 2201.12  10    5.68
2 2201.59  5    10.44
1 2207.07  6     5.61
1 2208.01  5     2.00
1 2210.69  8     5.60
2 2210.95  5     8.12
2 2211.11  5     8.23
1 2211.24  6     5.69
1 2213.65  2     0.00
2 2214.06  20    10.39
2 2215.09  10    10.41
2 2218.29  30    10.38
2 2219.89  20     8.23
2 2220.39  25     8.10
2 2220.45  6    10.43
1 2222.76  5     7.06
1 2228.17  10    5.61
2 2228.76  30    10.37
1 2229.07  6     5.65
1 2231.21  8     5.60
2 2231.51  10    10.39
2 2237.58  10    10.30
1 2238.26  5     5.65
1 2240.63  20    7.01
2 2241.43  20    10.34
1 2241.84  6     6.44
1 2242.58  15     5.61
2 2245.50  45    10.28
1 2245.65  12    5.60
2 2246.91 20     8.04
2 2247.69  50    10.30
1 2248.86  35    6.37
2 2249.06  30    10.32
2 2249.18 25     5.52
2 2250.17  5     5.61
1 2250.79  10    5.50
2 2250.93  5     5.59
1 2251.87  12    5.61
2 2253.12  12    5.55
2 2254.07  4     8.17
2 2255.69  20    10.28
1 2255.86  20    6.41
1 2259.29  6     6.63
1 2259.51  25    5.48
2 2260.08  9     5.48
1 2260.60  10    7.04
2 2260.85  12    5.59
2 2262.68  6     5.58
1 2263.47  6     5.47
1 2264.40  35    6.33
1 2265.05  10    5.52
1 2266.90  15    6.43
1 2267.08  9     5.51
1 2267.47  15    6.32
1 2269.10  12    5.55
1 2270.86  10    5.47
1 2271.78  35    6.37
1 2272.07  15    5.50
1 2272.82  20    6.37
1 2274.19  15    6.44
1 2275.19  15    5.58
1 2275.59  8     6.93
1 2276.02  20    5.44
1 2277.10  15    6.40
1 2277.67  25    6.40
1 2279.92  15    5.52
1 2280.22  15    6.43
1 2281.99  6     5.51
1 2282.86  8     6.44
1 2283.08  9     6.44
1 2283.30  8     5.55
1 2283.66  10    5.53
1 2284.09  25    5.47
1 2287.25  20    5.50
1 2287.63  5     6.33
1 2289.03  25    6.43
1 2290.06  10    6.37
1 2290.54  15    6.40
1 2290.77  6     6.32
1 2291.12  15    6.37
1 2291.62  10    5.51
1 2292.52  15    5.45
1 2293.85  10    5.49
1 2294.41  15    5.51
2 2294.61  15    8.23
2 2296.67  5     8.07
1 2296.93  15    5.50
1 2297.79 m4     5.44
1 2298.17  5     5.39
2 2298.23  5     8.03
1 2298.66  8     5.50
1 2299.22  15    5.47
1 2299.45  8     6.40
1 2300.14  15    5.47
1 2300.59  8     6.87
1 2301.17  10    2.00
1 2301.68  15    5.50
1 2303.42  10    5.50
1 2303.58  10    5.49
1 2304.73  10    6.37
1 2306.17  10    6.33
1 2306.38  10    6.93
1 2308.99  20    5.47
1 2313.10  25    5.44
1 2317.89  8     6.95
1 2318.17  10    2.00
1 2320.36  25    5.39
2 2327.39  10    5.41
1 2329.64  5     5.32
2 2331.31  10    5.55
2 2332.80 m25    5.36
2 2338.00 m14    5.41
1 2339.58  10    2.00
2 2343.49 m35    5.29
2 2343.96  5     5.59
2 2344.28  6     5.41
1 2345.08  20    1.00
2 2345.33 20     7.92
2 2348.10 m12    5.51
2 2348.30 m12    5.36
1 2350.41  5     5.27
2 2351.20  7     7.93
2 2354.47  5     7.94
2 2354.89  10    5.61
2 2359.10 m11   10.50
1 2359.99 m11    5.48
2 2360.29 m10    5.55
2 2362.02  8     5.55
1 2363.94  10    2.00
2 2364.83 m21    5.29
2 2366.59  10    5.59
2 2368.59 m10    5.58
1 2369.46  8     5.34
2 2369.96  15    10.45
2 2370.50  8     5.61
1 2371.43  8     5.31
2 2372.63  10    9.37
1 2373.62  20    5.27
2 2373.62  6     5.22
1 2374.52  6     5.34
2 2375.19 m7     5.60
2 2376.43  3    10.42
1 2377.23  5     1.00
2 2379.27 m15    5.51
2 2380.76 m15    5.29
2 2382.07 m130   5.20
2 2383.05  6     5.25
2 2383.24 m8     5.55
2 2384.39 m6     5.58
2 2385.01  8     5.55
0 2387.28  6     2.00
2 2388.63 m30    5.24
1 2389.97  15    5.27
2 2391.47  8     5.48
2 2395.41  6     5.26
2 2395.62 m110   5.22
2 2399.24 m36    5.25
2 2402.45  8    10.38
2 2402.60  10    5.51
3 2403.55  6    16.15
2 2404.43 m7     5.26
2 2404.88 m100   5.24
2 2406.66 m32    5.26
2 2407.23  20    2.00
1 2408.04  10    6.10
2 2410.52 m30    5.25
2 2411.07 m22    5.26
2 2413.31 m22    5.26
2 2415.06  1     7.98
1 2417.49  6     6.60
2 2417.87  10    8.37
1 2423.09  5     6.10
2 2424.14 m5     7.92
1 2428.20  9     2.00
2 2428.37  3     9.01
2 2430.07 m4     7.93
1 2431.02  20    2.00
1 2431.30  6     2.00
2 2432.27  25    7.94
2 2434.94  6     7.94
1 2436.34  25    2.00
1 2438.18  30    5.94
2 2439.30  15    8.23
1 2439.74 m8     7.48
1 2440.11 m5     7.53
1 2442.57 m10    7.50
1 2443.87 m5     5.93
2 2444.51 m4     7.65
1 2445.21  6     5.92
2 2445.56 m3     7.77
1 2447.44  5     2.00
1 2447.71 m7     5.06
2 2447.75 80     9.14
1 2450.44  15    2.00
1 2453.48 m6     5.96
2 2454.57 80     9.14
2 2455.72  15   10.59
1 2457.60 m18    5.90
2 2458.78 m6     8.24
1 2459.17  6     2.00
1 2460.60  15    2.00
1 2461.06  20    2.00
2 2461.86  15    8.25
1 2462.18 m11    5.08
1 2462.65 r200   5.03
1 2463.51  5     2.00
1 2463.73 m3     5.99
2 2463.90  5    10.39
2 2464.01  5     8.23
2 2464.90  4     8.26
1 2465.15 m14    5.94
2 2465.20 50     7.80
1 2465.45  15    2.00
1 2467.73 m3     5.98
1 2468.88 m14    5.87
2 2470.66  8     7.84
1 2470.97  25    5.93
0 2472.11  9     2.00
1 2472.34 m14    5.87
1 2472.90 r300   5.10
1 2472.91 m90    5.06
1 2473.16  5     5.01
2 2474.77  20     8.23
1 2474.82 m22    5.96
1 2476.03  20    2.00
1 2476.65  15    5.99
1 2479.48 m7     5.99
1 2479.62  7     2.00
1 2479.78 m100   5.08
2 2480.16  10    7.80
2 2482.11  3     7.63
2 2482.65  1     8.14
1 2483.27 m280   4.99
1 2484.19 m90    5.10
1 2485.98  10    5.89
2 2486.34  80     8.18
1 2486.37 m9     4.98
1 2486.69 m7     5.94
1 2487.06 m9     5.99
1 2487.37 m3     5.07
1 2488.14 m260   5.03
1 2488.95  10    7.54
1 2489.75 m180   5.10
2 2489.82  1     8.13
1 2490.64 m180   5.06
1 2491.16 m140   5.08
1 2491.98  10    7.53
2 2493.18 m18    7.63
2 2493.26 m18    7.60
1 2494.00  20    5.92
1 2494.25  10    5.83
2 2495.86  25    2.00
1 2495.86  25    5.82
1 2496.53 m14    5.87
1 2496.99  20    7.52
2 2497.82  15    7.81
1 2498.89 m10    5.01
2 2500.93  12    9.69
1 2501.13 m90    4.95
1 2501.69 m3     5.81
2 2502.39  3     8.17
2 2503.32  5     8.10
1 2503.66  80    0.00
2 2503.87  8     8.72
1 2505.01  10    7.50
1 2505.49  10    2.00
1 2505.63  12    2.00
2 2506.09  2     8.14
1 2506.57  10    7.53
1 2507.90 m10    5.89
1 2508.75  20    5.93
2 2509.12  1     8.18
1 2510.84 r300   4.99
2 2511.76 m7     7.62
1 2512.36 m1     4.98
1 2513.33  6     2.00
1 2513.86  5     7.54
2 2514.91  1     7.77
1 2516.57  10    5.88
2 2517.12  10    7.70
1 2517.66 m9     5.91
1 2518.10 m70    5.01
1 2518.82  7     1.00
1 2519.63 m6     5.92
1 2520.88  80    1.00
2 2521.81  1     9.07
1 2521.92  6     5.83
1 2522.85 m280   4.91
1 2523.66 m14    2.00
1 2524.29 m50    5.02
1 2525.02 m6     2.00
2 2525.39 m7     7.54
2 2526.30  10    7.49
2 2527.10  1     7.56
1 2527.16  5     2.00
1 2527.44 m140   4.95
1 2528.17  6     2.00
2 2529.08  70     9.64
1 2529.14 r80    4.99
1 2529.31  10    2.00
2 2529.55  15    7.61
1 2529.84 r50    5.01
1 2530.69 m7     4.98
1 2532.53  10    2.00
2 2533.63 m7     7.55
1 2533.80 m6     2.00
2 2534.42 m6     7.58
1 2535.61  1000  5.01
2 2536.82 m12    7.56
1 2537.17 m12    1.00
1 2537.95  6     1.00
2 2538.81 m7     7.54
2 2539.00  10    7.52
1 2539.36  15    5.79
2 2540.67  6     7.70
1 2540.97 r100   4.99
1 2542.10 m16    7.48
2 2543.38 m3     7.55
1 2543.92 m16    7.46
1 2544.71 m7     7.43
1 2545.98 m80    4.95
1 2546.87  40    2.00
1 2548.08  50    2.00
1 2549.61 m65    4.91
2 2550.02 m2     8.13
0 2550.51  25    2.00
1 2551.09 m6     2.00
1 2552.61  15    4.96
1 2552.77  20    2.00
1 2552.83  5     5.81
1 2553.18  10    2.00
1 2553.83  9     2.00
2 2555.07  20    7.69
1 2555.22  10    2.00
1 2555.73  5     5.86
1 2556.30  15    6.40
1 2556.86  20    5.70
1 2558.48  10    2.00
2 2560.27  10    8.04
1 2560.56  15    5.85
1 2561.86  15    5.85
1 2562.23  15    5.82
2 2562.53 m20    5.82
1 2563.09  6     2.00
1 2563.40  5     2.00
2 2563.47 m13    5.87
1 2564.56  15    5.84
2 2566.91 m6     5.90
1 2567.87  12    7.05
1 2568.86  20    5.81
1 2569.60  20    5.68
1 2569.74  10    5.81
2 2569.77  10    8.24
2 2570.52 m6    10.77
2 2570.84  70    8.63
2 2574.37 m4     7.40
1 2575.74 m6     0.00
1 2576.69 m10    5.66
2 2576.86  2     8.96
2 2577.92 m9     5.90
1 2579.27  12    5.73
1 2579.84  10    2.00
1 2580.07  10    5.81
1 2580.30  6     2.00
1 2580.96  5     2.00
1 2582.21 m5     2.00
2 2582.58 m9     5.87
1 2584.54 m26    5.65
2 2585.88 m65    4.79
1 2587.16  6     2.00
2 2587.95  50     8.94
1 2588.00  40    2.00
1 2591.26  20    2.00
2 2591.54 m9     5.82
1 2592.29  12    2.00
2 2592.78 m3     8.85
1 2593.52  25    7.18
2 2593.73 m9     5.87
1 2594.04  20    2.00
1 2594.15  20    5.69
1 2597.83  6     2.00
2 2598.37 m65    4.82
1 2598.85  20    6.38
2 2599.40 m200   4.77
1 2599.57 m30    5.68
1 2599.66  6     2.00
1 2600.10  10    2.00
1 2600.20  10    2.00
1 2603.57  20    2.00
1 2604.76  20    2.00
1 2604.87  18    2.00
2 2605.04  40    10.32
2 2605.30 50     9.25
1 2605.66  80    5.61
1 2606.31  10    2.00
2 2606.50  80     9.25
1 2606.83  200   5.66
2 2607.09 m65    4.84
1 2608.58  100   2.00
1 2609.22  10    2.00
1 2610.75  40    4.83
2 2611.07  20    5.82
2 2611.87 m80    4.79
1 2612.77  50    4.79
1 2613.19  15    2.00
1 2613.24  10    2.00
2 2613.82 m32    4.85
1 2614.50  40    5.69
1 2615.42  25    2.00
1 2616.44  5     2.00
2 2617.62 m32    4.82
1 2618.02 m12    5.69
1 2618.71  70    4.73
2 2619.08  5     7.54
2 2620.41 m9     4.84
2 2620.70  3     7.56
2 2621.67 m17    4.85
1 2623.37  25    4.83
1 2623.53 80     5.68
1 2624.14  10    2.00
1 2624.37  5     2.00
2 2625.49  1     8.79
2 2625.67 m44    4.77
2 2626.50  3     7.57
1 2627.24  8     1.00
2 2628.29 m32    4.84
1 2629.59 m4     4.83
2 2630.07  10    7.57
2 2631.05 m55    4.82
2 2631.32 m55    4.79
2 2631.61  10    7.52
1 2632.24 m8     5.69
1 2632.60  80    4.79
0 2632.99  10    2.00
2 2633.19  80     9.44
1 2633.64  5     2.00
1 2635.81 m16    5.69
1 2636.48  50    5.61
2 2637.64  2     8.04
2 2639.55  1     8.03
1 2641.65 m6     5.60
1 2644.00 m12    5.69
1 2645.42  50    4.79
1 2646.32  5     1.00
1 2647.56 m3     4.73
0 2648.43  7     2.00
0 2648.54  6     2.00
2 2649.46  70    11.47
2 2650.49  150    10.50
1 2651.71  60    5.63
1 2655.13  7     6.15
1 2656.15 m4     7.07
1 2656.79  50    6.15
2 2658.25  80     8.63
1 2658.47  20    2.00
1 2658.93  10    2.00
1 2659.24  8     2.00
1 2660.40  40    5.65
1 2661.20  10    5.65
1 2661.31  12    2.00
1 2662.06 m3     5.61
1 2662.32  25    2.00
1 2662.78  10    2.00
1 2664.04  15    2.00
2 2664.66 m7     8.04
1 2666.40  70    5.60
2 2666.63  5     8.07
1 2666.81  80    5.50
1 2666.97  30    6.13
1 2667.91  50    4.73
1 2669.50  50    7.07
1 2670.80  10    2.00
1 2673.21  30    5.65
1 2674.18  6     2.00
1 2675.28  30    2.00
1 2678.05  20    2.00
1 2679.06 m18    5.48
1 2680.16  20    2.00
1 2680.45  70    5.61
1 2681.59  50    7.05
1 2682.21  30    2.00
1 2683.95  15    2.00
1 2684.07  30    2.00
2 2684.75  3     8.43
1 2684.86  8     5.60
1 2686.75  50    2.00
1 2689.21 m12    5.52
1 2689.42  5     2.00
1 2689.83  40    6.16
1 2689.88  10    2.00
1 2690.07  30    4.61
1 2691.49  5     2.00
1 2692.25  20    6.09
2 2692.60  300   8.37
1 2692.66  20    5.61
2 2692.84  15    5.59
1 2694.54  100   7.00
1 2695.04  30    5.45
1 2695.53  40    2.00
1 2695.66  20    7.05
1 2696.00  80    2.00
1 2696.28  90    7.00
1 2697.02  50    6.15
2 2697.46  3     9.07
1 2698.16  35    2.00
1 2699.11 m8     5.50
1 2701.91  20    7.14
1 2702.45  15    6.99
1 2702.55  7     2.00
2 2703.99 m4     7.97
2 2704.58  5     7.80
1 2706.02  60    6.98
1 2706.58 m18    5.53
2 2707.13  70     9.06
1 2707.45  20    2.00
1 2708.57 m7     7.13
2 2709.06  3     7.77
1 2709.99  40    7.00
1 2710.55 m2     6.18
1 2711.46  12    2.00
1 2711.66  100   5.48
2 2711.84  4     7.72
2 2712.39  2     7.77
1 2714.06  20    7.15
2 2714.41 m19    5.55
1 2714.87  40    5.52
1 2715.13  5     2.00
1 2715.32  12    4.65
2 2716.22  20    7.99
1 2716.26  5     7.01
1 2717.37  15    5.47
1 2717.79  50    5.51
1 2718.44 m10    5.55
1 2719.02 m260   4.56
1 2719.42  20    6.99
1 2720.20  35    6.73
1 2720.52  8     4.61
1 2720.90 m120   4.61
1 2722.04  20    6.03
2 2722.74  80    10.77
1 2723.58 m70    4.64
1 2724.68  10    2.00
2 2724.89  15    5.59
1 2724.95  25    5.50
1 2725.29  8     2.00
1 2725.33  8     2.00
1 2725.60  15    5.53
1 2726.05 m8     5.58
1 2726.24  25    7.15
2 2727.38  1     7.69
2 2727.54 m18    5.58
1 2728.02 m6     5.45
1 2728.82 m5     6.99
1 2728.97  15    4.65
1 2730.03  8     2.00
2 2730.74 m9     5.61
1 2730.98  70    5.55
2 2732.45  8     4.77
1 2733.58 m70    5.39
1 2734.01 m3     5.52
1 2734.27 m3     6.71
1 2734.62  20    5.49
1 2734.89  5     2.00
1 2735.48 m28    5.44
1 2735.61  20    6.67
1 2736.87  10    2.00
1 2737.31 m70    4.64
1 2737.64  10    6.93
1 2737.83  25    2.00
1 2738.21  10    5.53
2 2739.55 m75    5.51
1 2741.11  10    7.54
2 2741.40  70     7.94
1 2742.02  35    4.61
1 2742.26 m8     5.47
1 2742.41 m55    4.61
2 2743.20 m28    5.61
1 2743.57 m5     5.47
1 2744.07 m30    4.64
1 2744.53 m6     5.50
1 2745.08  10    2.00
1 2745.82  8     2.00
2 2746.48 m42    5.59
1 2746.98 m38    5.38
1 2747.56  30    6.71
2 2749.18 m12    5.58
2 2749.32 m60    5.55
2 2749.48  15    5.60
1 2750.14 m70    4.56
1 2750.72  15    6.73
1 2750.88 m3     6.68
2 2751.12  70    7.70
1 2751.37  15    2.00
1 2751.81  15    2.00
1 2753.10  25    2.00
2 2753.29 m8     7.77
1 2753.69 m4     5.51
1 2754.03  90    5.49
1 2754.43  70    5.45
1 2754.95  25    2.00
1 2755.18  15    6.93
2 2755.74 m75    5.48
1 2756.27  300   4.55
1 2756.33 m24    4.61
2 2756.51  10    7.72
2 2757.02  10    7.69
1 2757.32 m8     5.50
1 2757.86  25    2.00
1 2759.82 m2     5.50
1 2760.90  15    2.00
1 2761.79 m15    5.48
2 2761.81  50    5.58
1 2762.03 m16    5.44
1 2762.68  50    2.00
1 2762.77  25    6.71
1 2763.11 m70    5.47
1 2764.33 m2     6.68
1 2766.66  15    2.00
1 2766.91 m2     5.49
1 2767.52 m18    5.39
1 2768.11  35    2.00
1 2768.44  25    6.65
2 2768.93  40    5.55
1 2769.30  90    6.88
1 2769.67  60    5.33
2 2770.51  50     7.69
1 2770.70  20    6.67
2 2771.18  50     8.24
1 2771.89  12    2.00
1 2772.08 m18    5.33
1 2772.51  30    2.00
1 2772.83  15    7.46
1 2773.23  90    2.00
1 2773.90  10    6.87
2 2774.69  0     7.80
1 2774.73 m3     5.47
1 2776.40  100   2.00
1 2778.07  30    2.00
1 2778.22 m15    5.32
1 2778.59  6     2.00
1 2778.84 m3     2.00
2 2779.30  25    7.72
1 2780.54  10    2.00
1 2780.70  30    7.02
1 2780.89  10    2.00
1 2781.01  8     2.00
1 2781.84 m3     5.44
1 2782.05  12    6.65
2 2783.70  20    7.70
1 2784.01  12    7.04
1 2784.35  15    6.87
2 2785.21  0     9.65
1 2786.19  8     6.67
1 2786.78  15    2.00
1 2787.93  25    5.93
1 2788.11 m70    5.30
1 2789.48  60    6.62
1 2789.80 m2     7.13
1 2791.46  40    2.00
1 2791.79 m2     6.87
1 2792.40  50    5.99
2 2793.89  8     7.63
1 2794.16  10    6.61
1 2794.70  50    5.39
1 2795.01 m2     4.44
1 2795.54  90    5.35
1 2795.85  15    0.00
1 2796.87  15    5.99
1 2797.78 m8     5.34
1 2799.15  50    2.00
2 2799.29  1     7.69
1 2800.28  6     2.00
1 2800.46  50    2.00
1 2803.12  35    2.00
1 2803.17  15    6.87
1 2803.62  50    6.87
1 2804.52 m15    5.33
1 2804.86  20    7.16
2 2805.79  50     7.80
1 2806.07  15    6.69
1 2806.99 m16    5.33
1 2807.25  15    4.42
1 2808.33  100   5.37
1 2808.62  6     2.00
2 2809.81  1     9.70
1 2810.27  40    2.00
1 2812.05  15    7.13
1 2813.29 m42    5.32
2 2813.61  5     7.62
1 2815.02  15    6.68
1 2815.51  40    6.01
1 2816.66  5     2.00
1 2817.50 m2     5.35
1 2819.29  10    7.15
1 2820.80  20    4.45
1 2821.01  5     2.00
1 2823.28 m50    5.35
1 2825.56 m15    5.34
1 2825.69 m3     4.39
1 2826.00  6     4.47
1 2826.50  10    5.94
1 2827.60  15    7.09
1 2827.89  70    4.44
2 2828.63  80     7.62
1 2828.81  100   5.37
2 2830.96  10    8.19
2 2831.56  1     7.57
1 2832.44 m32    5.33
1 2833.40  10    6.65
1 2834.18  5     5.93
1 2835.46 m2     4.37
1 2835.95  15    5.93
1 2836.32  8     7.18
2 2837.30  25     7.63
1 2838.12 m10    5.35
2 2839.82  10     9.65
2 2840.34  8     7.51
1 2840.43 m2     4.42
2 2840.65  70     7.70
2 2840.76  35     8.13
1 2840.94  7     6.56
1 2842.93  5     2.00
1 2843.24  6     2.00
1 2843.63 m9     5.27
1 2843.98 m26    5.35
1 2845.54  125   5.92
1 2845.60 m7     5.31
1 2845.71  8     5.84
1 2846.83  20    5.84
2 2848.05  70     7.58
1 2848.72 m1     5.34
2 2849.61  50     7.55
1 2851.50  5     6.95
1 2851.80  200   5.35
1 2852.95  6     5.83
1 2853.69  15    5.83
1 2853.77  15    6.93
2 2855.67  2     7.56
1 2857.81  12    2.00
1 2858.00  12    2.00
2 2858.34  3     7.56
1 2858.90  100   4.45
1 2862.50  100   5.34
1 2863.43  100   5.81
1 2863.86 m4     4.42
2 2864.97  50     8.23
1 2866.63 m2     5.31
1 2867.31  60    5.93
1 2867.56  60    5.92
1 2867.88  5     5.88
1 2868.21  15    6.77
1 2868.45  80    6.60
1 2869.83  10    6.79
1 2872.33 m5     5.27
2 2873.40  300     8.13
1 2873.53  15    2.00
1 2874.17 m10    4.31
1 2874.88  60    6.71
1 2875.30 m2     5.79
2 2875.35  70     7.70
1 2876.01  15    2.00
2 2876.80  100   7.69
1 2877.30 m5     5.79
1 2879.43  7     6.73
1 2880.58  15    5.31
2 2880.76  15    5.29
2 2883.70  30    7.54
1 2883.73  30    6.99
0 2885.35  7     2.00
2 2885.93  0     8.37
1 2886.32  50    5.85
1 2887.15  6     2.00
1 2887.81 m1     6.98
2 2888.09  80     7.49
1 2889.88  20    6.70
1 2889.99  15    6.77
1 2891.73  15    7.52
0 2891.91  25    2.00
1 2892.48  100   6.71
1 2893.76  15    5.27
1 2893.88  25    5.84
1 2894.51 m8     6.56
2 2894.78  80     7.55
1 2895.04 m4     5.84
2 2895.21  80     8.18
2 2897.26  200     7.70
1 2898.36  100   2.00
1 2898.86  7     2.00
1 2899.41  125   6.55
1 2901.38  100   5.83
1 2901.91  125   6.67
1 2904.16  15    2.00
1 2905.57  7     7.54
1 2906.42  60    2.00
1 2907.52 m2     6.46
1 2908.86  80    6.71
1 2909.50  70    2.00
1 2910.92  10    7.01
1 2912.16 m20    4.26
1 2914.20  10    2.00
1 2914.31  50    5.86
1 2918.02  125   7.48
1 2918.35  40    6.67
1 2918.82  15    2.00
1 2919.21  15    2.00
1 2919.84  80    6.67
1 2920.69 m5     5.85
1 2920.99  12    2.00
2 2922.02  50     8.14
1 2922.38  10    5.85
1 2922.62  50    6.42
1 2923.29 m8     7.50
1 2923.44  30    2.00
1 2923.85  100   6.93
1 2925.36  70    6.99
1 2925.79  15    2.00
1 2925.90  15    5.84
2 2926.59 m6     5.22
1 2927.55  20    2.00
1 2928.11  10    6.41
1 2928.75  5     6.51
1 2929.01 m20    4.28
1 2929.12  10    7.54
1 2929.62  50    5.84
1 2931.43  10    6.68
1 2931.81  10    6.95
1 2931.98  5     2.00
1 2934.37  7     6.40
2 2936.02  5     8.37
1 2936.45  5     2.00
1 2936.90 m80    4.22
1 2937.81  300   6.42
1 2939.08  80    6.44
2 2939.51  3     5.25
1 2940.59  200   7.05
1 2941.34 m13    4.30
1 2942.63  10    2.00
1 2943.57  12    2.00
2 2944.40 m3     5.90
1 2945.05  100   2.00
1 2945.70  10    2.00
1 2947.36  30    6.48
2 2947.66  10    5.87
1 2947.88 m80    4.26
1 2948.43 m3     6.93
1 2948.73  10    6.40
1 2948.95  10    2.00
1 2949.70  10    2.00
1 2950.24  700   6.37
1 2951.56  10    2.00
1 2953.49  100   6.96
2 2953.78  5     5.23
1 2953.94 m60    4.28
1 2954.65  100   6.48
1 2956.70  25    6.37
1 2957.37  300   4.30
1 2959.34  60    2.00
2 2959.60  60     7.57
1 2959.68  150   7.00
1 2959.99 m8     6.88
1 2960.30  60    6.67
1 2960.55  10    2.00
1 2960.66  6     7.14
2 2965.04  4     5.87
1 2965.26 m18    4.30
1 2965.81  25    6.60
1 2966.90 m170   4.18
1 2968.48  30    6.60
1 2969.36 m4     4.29
1 2969.48  60    5.03
1 2970.11 m34    4.27
2 2970.51  30    5.25
1 2971.76  5     2.00
1 2972.28  100   6.37
1 2973.13 m60    4.26
1 2973.24 m120   4.26
1 2974.78  10    7.00
1 2976.13 m1     6.45
1 2976.55  15    5.64
1 2978.05  8     2.00
2 2979.35  20    5.25
1 2980.54 m1     6.92
1 2981.45 m28    4.21
1 2981.85 m1     6.34
2 2982.06  90    8.63
1 2982.23  5     7.15
1 2983.57 m140   4.16
2 2984.83 r200   5.82
2 2985.55  80    5.87
1 2986.46 m1     4.26
1 2986.65  15    6.58
1 2987.29 m12    5.06
1 2988.47  60    5.63
1 2990.39 m5     6.87
1 2991.64  100   2.00
1 2994.43 m120   4.19
1 2996.39 m1     6.56
2 2997.30  60     8.62
1 2999.20  5     2.00
1 2999.51 m36    4.99
1 3000.45 m5     5.61
1 3000.95 m110   4.22
2 3002.65  20    5.82
1 3003.03 m10    5.08
1 3004.12  18    6.56
3 3004.13  18   15.33
1 3004.63  5     5.68
1 3005.31  70    6.53
1 3007.15  100   5.60
1 3007.28 m10    4.21
1 3008.14 m90    4.23
1 3009.09  80    6.53
1 3009.58 m28    5.03
1 3011.48 m5     6.87
1 3012.45  50    2.00
3 3013.13  70   14.40
1 3014.18  70    5.07
1 3015.91  70    6.54
1 3016.18 m8     5.10
1 3017.63 m20    4.22
1 3018.98 m18    5.06
1 3020.49 m60    4.19
1 3020.64 m280   4.11
1 3021.07 m160   4.16
1 3024.03 m26    4.21
1 3025.28  50    5.01
1 3025.64 m18    6.50
1 3025.84 m38    4.21
1 3026.46 m18    5.08
1 3029.24  80    5.64
1 3030.15 m19    6.53
1 3030.61  5     6.37
1 3031.21  150   6.54
1 3031.64 m19    5.10
1 3033.10  40    6.51
1 3034.54  70    5.69
1 3035.74  100   2.00
1 3037.39 m95    4.19
1 3039.32  20    6.51
1 3040.43 m17    4.99
1 3040.96  8     2.00
1 3041.64 m7     5.63
1 3041.74 m12    5.03
1 3042.02 m6     5.08
1 3042.67  300   5.06
1 3045.08  150   4.98
1 3045.59  10    6.53
1 3047.61 r800   4.16
0 3048.45  100   1.12
0 3049.36  25    1.12
1 3053.07  100   6.49
1 3053.44  80    5.08
1 3053.44  80    7.00
1 3055.26 m6     5.62
1 3055.71  10    1.00
1 3056.25  8     1.00
1 3057.45 m65    4.91
1 3059.09 m100   4.11
1 3060.98  50    5.60
1 3061.82  5     1.00
2 3062.23  2     8.13
1 3063.93  40    6.47
2 3065.32  40     7.98
1 3066.48  60    6.77
1 3067.12  6     5.64
1 3067.25 m40    4.95
1 3067.94  15    6.73
1 3068.17  150   5.64
1 3072.05  6     1.00
1 3073.98  40    6.73
1 3074.15  40    7.05
1 3074.44  40    1.00
1 3075.72 m34    4.99
2 3077.17  1     8.11
1 3077.64  60    1.00
1 3078.02  100   4.98
1 3078.43  80    6.51
1 3079.98  30    1.00
1 3080.11  30    1.00
1 3083.74 m24    5.01
1 3090.21  30    6.77
1 3091.58 m20    5.02
1 3092.78  50    4.96
1 3093.36  70    1.00
1 3093.81  50    5.61
1 3093.88  40    6.57
1 3094.90  30    6.73
1 3095.27  10    6.70
3 3096.84  30   17.13
1 3097.82  20    1.00
1 3098.19  70    6.69
1 3098.59  5     1.00
1 3099.90 m55    5.01
1 3099.97 m55    4.91
1 3100.31 m26    4.99
1 3100.67 m26    4.95
1 3102.87  30    1.00
2 3105.17  30     7.88
2 3105.17  30     8.14
3 3107.98  20   15.11
1 3110.19  6     1.00
1 3110.28  40    1.00
3 3110.84  20   15.11
1 3111.82  10    1.00
1 3112.08  30    6.93
1 3113.59  25    1.00
2 3114.29  80     7.86
1 3116.25  5     6.43
2 3116.59  150   7.86
1 3116.63 m6     4.99
1 3117.64  20    4.96
1 3119.50  100   6.41
3 3120.23  5    10.20
1 3120.44  100   6.43
3 3120.87  80   15.12
1 3121.77  7     6.19
1 3122.30  70    1.00
1 3123.35  10    6.40
1 3123.95  5     1.00
1 3124.89  15    1.00
1 3125.65 m11    4.95
1 3126.17  150   1.00
1 3126.76  6     1.00
1 3128.29  5     1.00
1 3128.90  10    5.51
1 3129.11  15    1.00
1 3129.33  100   5.44
2 3130.28  5     1.00
1 3132.51  70    7.17
1 3132.68  5     1.00
1 3133.23  5     1.00
1 3134.11  200   4.91
2 3135.36  1     7.84
1 3135.45  10    1.00
1 3135.86  7     6.41
1 3136.50  60    1.00
1 3138.52  10    1.00
1 3139.66  15    6.35
1 3139.91  70    1.00
1 3140.39  100   7.19
1 3142.45  125   6.40
1 3142.89  80    6.22
1 3143.24  60    3.95
1 3143.99  200   7.15
1 3144.50  150   6.41
2 3144.76  50     7.84
1 3145.06  40    6.93
1 3146.47  5     6.37
1 3147.29  20    1.00
1 3147.61  10    1.00
1 3147.79  40    6.96
1 3148.41  100   6.37
1 3150.30  60    7.22
1 3151.35  300   6.66
1 3151.87  40    3.99
1 3153.21  100   6.38
1 3153.32  15    6.38
1 3153.75  40    1.00
2 3154.21  400   7.69
1 3154.50  20    6.40
1 3155.30  50    6.36
1 3155.79  5     6.33
1 3156.27  125   7.17
1 3157.04  150   6.35
1 3157.45  10    1.00
1 3157.89  100   6.40
1 3157.98  10    6.35
1 3158.40  6     1.00
1 3159.02  7     1.00
1 3160.20  70    7.19
1 3160.34  40    6.33
1 3160.66  150   6.35
1 3160.92  5     6.39
1 3161.37  80    5.47
1 3161.95  200   6.32
1 3162.34  70    6.37
1 3162.34  70    6.61
2 3162.80  1     8.07
2 3163.87  40    7.80
1 3164.30  20    6.37
1 3165.01  100   6.34
1 3165.86  100   6.37
1 3166.25  5     6.36
1 3166.44  100   6.48
2 3167.86  2     7.72
1 3167.92  100   7.15
0 3168.15  10    0.00
1 3168.86  30    6.38
2 3170.35  10    5.60
1 3171.35  100   6.96
1 3171.35  100   5.39
1 3171.66  30    6.39
1 3172.07  100   6.10
1 3172.07  100   6.36
1 3173.41  20    6.79
1 3173.61  20    6.77
1 3173.69  20    6.10
1 3174.96  5     1.00
1 3175.45 m7     6.31
1 3175.99  12    6.79
1 3176.36  20    6.51
2 3177.54  5     7.80
1 3178.02  300   6.30
1 3178.55  10    6.92
1 3178.97  30    6.33
2 3180.16  10    8.63
1 3180.23 m14    6.35
1 3180.76  100   3.99
1 3181.52  80    6.49
1 3181.86  15    6.77
1 3181.91  15    6.91
1 3181.91  15    6.37
1 3182.06  80    6.32
1 3182.06  80    6.75
1 3182.98  125   6.09
2 3183.11  7     5.59
1 3183.57  5     6.33
1 3184.62  60    6.34
1 3184.90  200   3.95
2 3186.74  20    5.58
2 3187.29  60     8.03
1 3187.68  6     5.44
1 3188.57  150   6.29
1 3188.82  150   6.37
1 3190.02  30    6.48
1 3190.65  50    6.93
1 3190.82  40    6.93
1 3191.11  20    6.45
1 3191.66 m7     3.89
1 3192.41  12    7.28
1 3192.80 m7     6.37
2 3192.93  5     5.55
1 3193.23 m11    3.88
1 3193.30  20    6.35
1 3194.42  100   6.35
1 3194.60  60    1.00
0 3195.23  6     1.00
2 3196.08  10    5.54
1 3196.13  100   6.71
1 3196.93 m24    6.31
1 3197.00  150   3.92
1 3197.52  10    7.29
1 3198.27  8     6.49
1 3199.52 m14    6.30
1 3200.48  150   6.34
1 3200.79  25    3.96
1 3202.56  40    6.92
1 3205.40 m11    6.35
1 3207.09  80    6.26
1 3208.48  100   7.29
1 3209.30  200   7.28
1 3209.30  200   6.67
1 3210.24  150   6.29
2 3210.45  5     5.58
1 3210.83 m7     6.33
1 3211.49  80    6.34
1 3211.68  80    7.19
1 3211.88  10    7.25
1 3211.88  10    6.08
1 3211.99 m15    6.25
2 3213.31  50    5.55
1 3214.04 m30    6.31
1 3214.40 m6     3.95
1 3215.42  10    1.00
1 3215.94 m7     6.33
1 3217.38 m5     6.24
1 3219.58 m12    6.30
1 3222.07 m34    6.24
1 3225.79 m50    6.23
1 3226.71  8     3.93
1 3227.06  30    6.33
2 3227.75 m19    5.51
1 3228.25  100   6.31
2 3228.60  5     1.00
1 3228.91  80    6.32
1 3229.12  80    3.96
1 3229.59  10    1.00
1 3229.87  10    1.00
1 3229.99  20    6.88
1 3230.21  100   6.31
1 3230.97 m7     6.29
1 3233.05  100   7.07
1 3233.97 m7     6.25
1 3234.61  200   3.89
1 3235.00  5     6.53
1 3236.22  300   3.88
2 3237.82  1     7.71
1 3239.44 m30    6.24
1 3243.11  50    6.27
1 3243.40  70    6.65
1 3243.40  70    7.15
2 3243.72  60     7.97
1 3244.19 m22    6.24
1 3245.98  200   4.73
1 3246.48  40    6.41
1 3246.96  100   6.01
2 3247.21  10    7.70
1 3247.28  20    6.29
1 3248.21  200   6.26
1 3249.19  70    6.38
1 3250.35  20    6.09
1 3250.35  20    6.67
1 3250.63  60    5.98
1 3251.23  300   6.00
2 3252.44  90    7.71
1 3252.92  80    6.37
1 3253.60  100   7.06
1 3253.95  20    6.42
1 3254.36  200   7.08
1 3254.73  15    6.50
2 3255.89  20    4.79
1 3256.70  20    1.00
1 3257.24  25    4.79
1 3257.24  25    6.80
1 3257.59  100   5.98
2 3258.77  150   7.69
2 3259.05  1     7.70
1 3259.99  150   6.24
1 3260.26  20    6.36
1 3261.33  25    7.22
1 3262.01  30    7.17
1 3262.28  50    1.00
1 3263.37  30    6.22
1 3264.51  80    5.99
1 3265.05  200   3.89
1 3265.62 m13    5.97
1 3268.24  125   6.01
1 3269.23  20    7.19
1 3269.96  5     5.96
1 3271.00 m15    5.98
1 3271.49  15    7.04
1 3271.68  25    5.27
1 3272.59  6     5.34
1 3274.45  80    7.15
1 3276.47  100   5.98
2 3277.35  40    4.77
1 3278.73  100   6.20
1 3278.73  100   6.37
1 3279.74  7     6.77
1 3280.26  150   7.08
2 3281.30  15    4.82
1 3282.89  80    7.05
1 3283.54  7     1.00
1 3284.59  200   5.97
2 3285.41  60    4.85
1 3286.02  30    5.99
1 3286.45  5     7.17
1 3286.75  500   5.94
1 3287.11  5     6.71
1 3288.65  15    6.19
1 3288.97  30    5.96
1 3289.44  10    6.60
1 3290.72  15    5.94
1 3290.99  125   5.98
1 3292.02  150   7.02
1 3292.59  300   5.98
1 3293.14  10    5.37
1 3296.47  12    6.35
1 3298.13  200   5.98
1 3299.07  5     7.15
1 3301.22  15    6.60
2 3303.47  5     4.85
1 3303.57  70    6.77
1 3305.14  5     1.00
1 3305.97 m28    5.94
1 3306.35 m28    5.97
1 3307.01  5     6.70
1 3307.23  80    6.98
1 3310.34  100   6.69
1 3310.49  50    7.00
1 3312.23  5     6.73
1 3314.07  5     7.15
1 3314.45  15    6.35
1 3314.74  200   7.04
1 3317.12  100   6.01
1 3319.25  70    6.73
1 3320.65  20    6.16
1 3320.78  30    6.77
1 3322.48  150   6.67
2 3323.07  100   7.69
1 3323.74  150   6.56
1 3324.37  5     7.00
1 3324.54  100   6.13
1 3325.46  100   6.17
1 3327.50  15    6.12
1 3328.00  150   6.99
2 3329.05  8     1.00
1 3329.53  35    6.77
1 3330.31  5     1.00
1 3331.61  125   6.15
1 3331.78  40    6.20
1 3334.22  150   6.14
1 3335.77  125   6.56
1 3336.25  40    7.02
1 3337.67  125   6.41
1 3338.64  70    6.71
1 3339.20  80    6.16
1 3339.58  10    6.73
1 3340.57  125   5.98
1 3341.91  100   6.40
1 3342.22  40    5.98
1 3342.29  20    6.56
1 3346.94  30    5.87
1 3347.93  150   5.98
1 3350.29  8     6.14
1 3351.52  70    5.89
1 3351.75  80    6.43
1 3352.93  5     6.14
1 3353.27  10    6.12
1 3354.06  40    6.56
1 3355.23 m6     7.00
1 3356.40  35    5.97
0 3356.69  15    0.00
0 3358.91  5     0.00
1 3359.49  15    4.55
1 3359.82  10    6.99
1 3360.93  7     6.11
1 3361.95  6     6.53
1 3362.28  6     1.00
1 3363.81  6     6.45
0 3364.28  7     0.00
1 3366.79  50    6.38
1 3366.87  50    5.87
1 3367.16  10    6.10
1 3368.17  5     1.00
1 3369.55 m8     6.41
1 3370.79  300   6.37
1 3372.07  40    5.85
1 3376.50  5     1.00
0 3377.20  5     1.00
1 3378.68  150   6.36
1 3379.02  80    5.84
1 3380.11  200   6.43
1 3381.34  5     6.51
1 3382.40  50    5.84
1 3383.70  100   5.86
1 3383.99 m8     5.83
1 3387.41  35    6.42
1 3387.63  5     1.00
1 3388.63  5     1.00
1 3389.75  15    5.87
1 3392.01  20    6.67
1 3392.31 m7     5.85
1 3392.65  300   5.82
1 3393.38  6     6.51
1 3393.92  6     5.93
1 3394.09  7     6.10
1 3394.59  150   5.84
1 3396.98  125   4.61
1 3397.64  10    4.64
1 3399.23  5     6.38
1 3399.34 m22    5.84
1 3401.52  150   4.56
1 3402.26  150   6.88
1 3404.30  25    4.65
1 3404.36 m15    5.83
1 3406.44  30    6.91
1 3406.80  100   5.86
1 3407.46 m30    5.81
1 3409.20  40    6.87
1 3410.18  30    7.05
1 3410.90  10    4.55
1 3411.36  80    6.36
1 3412.64  8     1.00
1 3413.13 m23    5.82
1 3415.53  60    5.85
1 3417.16  5     1.00
1 3417.26  6     4.64
1 3417.84 m15    5.84
1 3418.51 m15    5.84
1 3419.70  7     6.47
1 3422.49  40    6.61
1 3422.66 m8     5.84
1 3424.29 m16    5.79
1 3425.02  70    6.67
1 3426.32  50    5.89
1 3426.39 m7     4.61
1 3426.64 m7     5.81
1 3427.12 m32    5.79
1 3428.19 m8     5.81
1 3428.75  5     7.22
1 3431.81  50    6.45
1 3433.05  50    1.00
1 3437.05  80    6.65
1 3437.95  15    6.87
1 3438.31  10    0.00
0 3439.87  15    0.00
1 3440.61 m400   3.60
1 3440.99 m80    3.65
1 3442.36  50    5.87
1 3442.67  30    4.56
1 3443.88 m40    3.68
1 3445.15 m16    5.79
0 3445.77  10    0.00
1 3447.28 m5     5.79
1 3450.33 m8     5.81
1 3451.62  15    6.01
2 3451.62  15   10.39
1 3451.92 m8     5.81
1 3452.28 m8     4.55
1 3453.02  30    6.35
1 3457.09  5     6.42
1 3458.31  60    6.00
1 3459.43  10    6.27
1 3459.92  80    6.60
1 3462.35  10    5.77
1 3463.30  7     5.06
1 3465.86 m60    3.68
1 3466.50  30    4.44
1 3466.89  10    0.00
2 3468.68  10    7.72
1 3468.85  30    6.13
1 3469.01  18    6.87
1 3469.83  35    6.17
1 3471.27  40    5.79
1 3471.35  40    5.84
1 3473.31  10    1.00
3 3474.44  10   14.71
1 3475.45 m80    3.65
1 3475.65  6     5.74
1 3476.34  5     5.84
1 3476.70 m32    3.68
1 3477.86  20    5.78
1 3478.63  20    1.00
1 3483.01  50    4.47
1 3485.34 m6     5.75
1 3489.67  20    6.50
1 3490.57 m80    3.60
2 3493.47  40    7.69
1 3495.29 m6     6.10
1 3495.90  6     1.00
1 3497.11 m8     5.72
1 3497.84 m24    3.65
1 3500.57  50    6.12
1 3504.86  10    5.81
1 3505.06  10    6.56
1 3506.50 m6     5.81
1 3508.48  40    6.53
1 3508.54  20    6.09
1 3509.87  15    5.75
1 3510.45  15    6.01
1 3512.23  5     6.38
1 3513.07  10    5.08
1 3513.82 m40    4.39
1 3514.63  7     5.93
1 3516.40  40    6.54
1 3516.56  30    6.39
1 3518.68  7     6.40
1 3520.86  10    6.12
1 3521.26 m36    4.44
1 3521.84  50    5.74
1 3522.28  50    6.35
1 3522.89  10    6.40
1 3523.31  10    6.40
1 3524.07  50    6.10
1 3524.24  60    5.79
1 3526.04 m18    3.60
1 3526.17 m13    4.47
1 3526.38  20    6.38
1 3526.47  20    5.79
1 3526.68  80    6.39
1 3527.80  100   6.37
1 3529.82  125   6.40
1 3530.39  50    6.32
1 3532.58  5     1.00
1 3533.01  50    6.40
1 3533.20 m8     6.39
1 3534.91  5     4.99
1 3536.19  40    1.00
1 3536.56 m20    6.38
1 3537.49  25    6.09
1 3537.73  25    6.11
1 3537.90  50    6.34
1 3540.12  100   6.37
1 3540.71  10    4.42
1 3541.09 m24    6.35
1 3542.08 m22    6.37
1 3542.23  5     5.77
1 3543.39  10    5.93
1 3543.67  60    6.91
1 3544.63  50    6.10
1 3545.64  90    6.35
1 3547.20  25    6.31
1 3548.02  10    6.51
1 3548.09  9     1.00
1 3549.87  15    5.10
1 3552.12  10    6.56
1 3552.83  80    6.37
1 3553.74 m6     7.06
1 3554.12  50    4.45
1 3554.93 m28    6.32
1 3556.88  300   6.34
1 3557.30  15    1.00
1 3558.52 m65    4.47
1 3559.51  50    6.56
1 3560.69  50    6.73
1 3564.12  15    5.08
2 3564.53  30    7.62
1 3565.38 m160   4.44
1 3565.59  10    6.34
1 3567.04  50    6.35
1 3567.38  10    5.92
1 3568.42  20    6.35
1 3568.82  15    6.73
1 3568.98  50    6.16
1 3570.10 m400   4.39
1 3570.26  50    6.27
1 3571.23  40    4.95
1 3572.00  100   6.31
1 3573.40  50    6.77
1 3573.84  20    5.87
1 3573.89  40    6.77
1 3575.12  15    6.35
1 3575.25  10    6.30
1 3575.38  40    6.49
1 3575.98  80    6.34
1 3576.76  80    6.73
1 3578.38  40    6.35
1 3581.20 r1000  4.32
1 3582.20  30    6.70
1 3583.34  50    6.75
1 3583.69  6     1.00
1 3584.66 m13    6.14
1 3584.96  30    6.46
1 3585.32 m36    4.42
1 3585.71 m30    4.37
1 3586.11 m13    6.48
1 3586.99 m40    4.45
1 3587.24  5     6.32
1 3587.42  10    5.87
1 3587.76  50    1.00
1 3588.62  35    6.29
1 3588.91  10    6.33
1 3589.11 m7     4.31
1 3589.46  50    6.17
1 3591.34  12    6.31
1 3591.49  6     6.74
1 3592.21  6     1.00
1 3593.33  7     6.72
1 3594.64 m8     6.30
1 3595.31  20    6.33
1 3596.20  15    5.87
1 3597.06  40    6.74
1 3598.72  6     6.70
1 3599.15  10    1.00
1 3599.62  40    7.02
1 3599.97  5     1.00
1 3602.09  20    6.33
1 3602.47  10    6.31
1 3602.53  50    6.38
1 3603.21 m16    6.13
1 3603.82  20    6.51
1 3604.27  5     1.00
1 3604.38  10    6.32
1 3605.21  12    1.00
1 3605.46 m24    6.16
1 3606.68 m32    6.12
1 3608.15  15    6.29
1 3608.86 m200   4.45
1 3610.16 m20    6.23
1 3610.70  10    6.31
1 3612.07  80    6.26
1 3612.95  20    4.99
1 3613.45  10    6.68
1 3614.12  10    1.00
1 3614.56  15    1.00
1 3614.71  6     1.00
1 3615.20  10    6.71
1 3615.66  10    4.91
1 3616.57  30    1.00
1 3617.32  25    1.00
1 3617.79 m13    6.45
1 3618.39  8     6.15
1 3618.77 m200   4.42
1 3619.39  12    1.00
1 3620.47  15    1.00
1 3621.46 m24    6.14
1 3621.71  6     7.00
1 3622.00 m16    6.17
1 3623.19 m8     5.82
1 3623.45  15    5.97
1 3623.77  35    6.29
1 3624.31  10    5.84
1 3624.81  12    1.00
1 3625.15 m5     6.24
1 3627.04  10    6.99
1 3627.79  8     1.00
1 3628.09  10    5.61
1 3630.35  40    6.26
1 3631.10  25    6.24
1 3631.46 m200   4.37
1 3632.04 m8     6.49
1 3632.56  30    6.36
1 3632.98  12    5.89
1 3633.08  10    6.35
1 3633.83  7     6.40
1 3634.33  15    6.35
1 3634.69  20    1.00
1 3635.20  12    6.43
1 3636.19  40    5.60
1 3636.23  15    6.96
1 3636.65  5     6.43
1 3637.00  20    5.99
1 3637.25  12    5.84
1 3637.87  20    6.35
1 3638.30 m13    6.16
1 3640.39 m22    6.13
1 3642.81  20    1.00
1 3643.11  30    1.00
1 3643.63  20    6.34
1 3643.71  6     6.00
1 3643.82  7     5.01
1 3644.80  20    6.64
1 3645.08  20    6.24
1 3645.22  9     0.00
1 3645.49  15    6.27
1 3645.82 m6     6.51
1 3647.43  20    4.95
1 3647.84 m160   4.31
1 3649.30  60    3.39
1 3649.51 m16    6.08
1 3650.03  70    6.40
1 3650.28  70    5.82
1 3651.10  10    6.24
1 3651.47 m30    6.15
1 3652.73  6     1.00
1 3653.76  25    5.82
1 3655.47  25    6.22
1 3655.68  15    1.00
1 3656.23  15    1.00
1 3657.14  20    5.81
1 3657.90  20    6.43
1 3658.55  5     5.94
1 3659.52 m8     5.84
1 3660.34  5     6.24
1 3661.37  10    5.83
1 3662.85  30    1.00
1 3663.27  8     6.38
1 3663.46  25    5.97
1 3664.54  35    6.38
1 3664.69  12    6.38
1 3666.25  20    5.81
1 3667.26  80    6.59
1 3668.00  60    6.37
1 3668.21  15    6.62
1 3668.89  5     5.96
1 3669.16  50    6.37
1 3669.52 m16    6.10
1 3670.03  100   6.22
1 3670.07  200   6.33
1 3670.81  20    5.86
1 3673.09  10    1.00
1 3674.41  12    1.00
1 3674.77  40    6.20
1 3676.31  200   5.93
1 3676.88  10    6.37
1 3677.31  40    6.92
1 3677.63 m20    6.12
1 3678.86  100   5.79
1 3678.98  5     5.64
1 3679.92  500   3.36
1 3680.80  12    1.00
1 3681.23  6     1.00
1 3682.21 m16    6.91
1 3683.06 m11    3.41
1 3684.11 m11    6.09
1 3686.00 m13    6.31
1 3686.26  10    5.78
1 3687.10  15    5.53
1 3687.46 m80    4.22
1 3687.66  15    6.08
1 3688.48  40    6.61
1 3689.46 m13    6.20
1 3689.90  5     6.41
1 3690.46  15    6.64
1 3690.73  80    6.93
1 3692.65  5     1.00
1 3693.01  15    6.38
1 3694.01 m24    6.40
1 3695.05 m8     5.94
1 3697.43  100   6.35
1 3698.61  40    6.37
1 3699.14  15    6.37
1 3701.09 m30    6.35
1 3702.03  50    6.19
1 3702.50  20    4.95
1 3703.55  30    6.10
1 3703.70  12    6.29
1 3703.82  15    6.20
1 3704.46 m8     6.03
1 3705.57 m80    3.39
1 3707.05  150   6.34
1 3707.82 m28    3.43
1 3707.92 m28    5.51
1 3708.60  5     5.79
1 3709.25 m85    4.26
1 3709.53  6     6.33
1 3711.22  80    5.92
1 3711.41  50    6.41
1 3712.96  5     1.00
1 3715.91  80    5.61
1 3716.45 m6     6.27
1 3718.41  80    6.09
1 3719.94 m600   3.33
1 3721.27  7     5.50
1 3721.51  10    6.37
1 3721.61  6     6.35
1 3721.92  15    1.00
1 3722.56 m80    3.41
1 3724.38 m8     5.60
1 3725.49  15    6.38
1 3726.93 m3     6.37
1 3727.09  30    6.26
1 3727.62 m75    4.28
1 3729.67  18    5.88
1 3730.39  70    6.37
1 3730.95  50    5.93
1 3731.38  40    5.92
1 3732.40 m12    5.51
1 3733.32 m70    3.43
1 3734.87 m700   4.18
1 3735.33  30    6.25
1 3737.13 m340   3.36
1 3738.31 m7     6.58
1 3739.13  10    5.53
1 3739.31  7     5.49
1 3739.53  80    0.00
1 3740.06  8     6.36
1 3740.25  70    6.57
1 3742.62  50    6.24
1 3743.36 m60    4.30
1 3744.11  40    6.35
1 3745.56 m240   3.39
1 3745.90 m60    3.43
1 3746.93  40    6.31
1 3748.26 m140   3.41
1 3748.49  35     6.87
1 3748.97  35    6.24
1 3749.49 m400   4.22
1 3751.82  5     5.99
1 3752.42  12    6.34
1 3753.61 m7     5.47
1 3756.07  15    5.47
1 3756.94  80    6.87
1 3757.45  15    6.60
1 3758.23  700   4.26
1 3760.05 m6     5.70
1 3760.53 m1     5.51
1 3761.41  20    5.88
1 3762.21  7     6.66
1 3763.79 m170   4.28
1 3765.54 m14    6.53
1 3767.19 m120   4.30
1 3768.03  15    5.51
1 3769.99  80    6.29
1 3770.30  35    5.97
1 3773.70  40    6.33
1 3774.83 m1     5.50
1 3776.46 m1     5.45
1 3777.06  12    6.26
1 3777.45  20    5.84
1 3778.32  8     6.11
1 3778.51  60    6.53
1 3778.70  10    5.47
1 3779.45  100   6.56
1 3781.19  40    5.47
1 3781.93  12    6.92
1 3782.13  8     1.00
1 3782.46  10    6.27
1 3785.71  10    6.51
1 3785.95 m3     5.70
1 3786.18  100   6.10
1 3786.68 m3     4.29
1 3787.88 m46    4.28
1 3789.18  80    5.99
1 3790.09 m6     4.26
1 3790.76  10    5.44
1 3791.51  7     5.82
1 3791.73  5     6.69
1 3792.16  40    5.99
1 3792.83  10    5.49
1 3793.36  5     6.31
1 3793.48  10    6.26
1 3793.88  25    6.11
1 3794.34 m3     5.72
1 3795.00 m65    4.26
1 3797.52 m6     6.50
1 3798.51 m32    4.18
1 3799.55 m48    4.22
1 3801.68  50    6.09
1 3801.81  7     6.10
1 3801.98  25    6.59
1 3802.29  25    6.56
1 3804.01  40    6.59
1 3805.34 m12    5.65
1 3806.70 m6     6.53
1 3807.54 m3     5.47
1 3808.73  100   5.81
1 3809.57  15    1.00
1 3810.76  70    6.56
1 3811.89  15    6.00
1 3812.97 m32    4.21
1 3813.63  35    5.94
1 3813.89  50    6.88
1 3814.52  80    4.26
1 3814.79  10    1.00
1 3815.84 m160   4.73
1 3816.34  25    5.44
1 3817.65  50    6.58
1 3820.43 m500   4.11
1 3821.18 m7     6.51
1 3821.84  50    5.85
1 3824.08  5     5.82
1 3824.30  7     6.54
1 3824.45 m80    3.24
1 3825.88 m320   4.16
1 3826.85  6     5.96
1 3827.83 m130   4.79
1 3829.46  15    6.51
1 3829.76  8     5.79
1 3830.76  10    5.84
1 3830.86  12    5.92
1 3833.31 m3     5.79
1 3834.22 m130   4.19
1 3836.33  100   6.53
1 3837.14  25    5.83
1 3839.26 m3     6.27
1 3840.44 m80    4.22
1 3841.05 m80    4.83
1 3842.90  6     5.81
1 3843.26 m6     6.26
1 3844.28  10    1.00
1 3845.17  100   5.64
1 3845.70  10    6.77
1 3846.41  50    6.80
1 3846.80 m6     6.48
1 3848.30  5     5.82
1 3849.97 m5     4.23
1 3850.82 m7     4.21
1 3852.58  150   5.39
1 3853.46  7     6.16
1 3859.21 m6     5.61
1 3859.91 m420   3.21
1 3861.34  80    6.49
1 3863.74  60    5.89
1 3865.53 m34    4.22
1 3867.22 m2     6.22
1 3867.92  30    5.79
1 3869.56  100   5.93
1 3871.75  100   6.14
1 3872.50 m34    4.19
1 3873.76 m3     5.63
1 3876.04  40    4.21
1 3878.02 m50    4.16
1 3878.57 r300   3.28
1 3878.68  30    5.64
1 3878.74  10    6.47
1 3883.29  70    6.45
1 3884.36  80    5.88
1 3885.52  100   5.61
1 3886.28 m180   3.24
1 3888.82  40    6.20
1 3890.24  15    1.00
1 3890.84  60    5.91
1 3891.93  100   6.60
1 3892.89  5     5.94
1 3893.32  5     6.01
1 3893.39 m3     6.13
1 3893.91  10    5.61
1 3894.01  8     6.49
1 3895.66 m35    3.29
1 3897.45  10    6.12
1 3897.89  100   5.87
1 3898.01 m3     4.19
1 3899.01  6     5.63
1 3899.04  20    5.63
1 3899.71 m55    3.26
1 3900.52  60    6.42
1 3902.95 m55    4.73
1 3903.90 m1     6.16
1 3906.48 m14    3.28
1 3906.75  10    6.48
1 3907.47  15    5.93
1 3907.94  100   5.92
1 3909.67  20    6.46
1 3909.84  40    6.01
1 3910.85  30    5.92
1 3911.00  6     6.38
1 3912.05  5     1.00
1 3913.63  100   5.44
1 3914.28  15    6.45
1 3916.73 m2     6.40
1 3917.18 m4     4.16
1 3918.32  20    5.64
1 3918.42  15    6.00
1 3918.65 m3     6.17
1 3919.07  15    6.15
1 3920.26 m36    3.28
1 3922.91 m55    3.21
1 3925.20  15    6.45
1 3925.65  80    5.98
1 3925.95  50    6.01
1 3927.92 m70    3.26
1 3928.08  15    6.37
1 3929.12  10    5.91
1 3929.21  15    6.41
1 3930.30 m75    3.24
1 3931.12  35    6.42
1 3932.63  80    5.87
1 3932.92  8     1.00
1 3933.61  200   6.22
1 3935.31  40    5.99
1 3935.81 m2     5.98
1 3937.33  80    5.84
1 3940.88 m1     4.11
1 3941.28  60    6.41
1 3942.44 m1     5.98
1 3943.34  40    5.34
1 3944.89  15    6.13
1 3945.13  30    5.89
1 3947.00  50    6.35
1 3947.53  70    5.97
1 3948.11  125   6.38
1 3948.78 m3     6.41
1 3949.96 m3     5.31
1 3951.17  150   6.41
1 3952.61  80    5.82
1 3952.70  8     5.98
1 3953.15  80    6.15
1 3953.86  8     5.96
1 3955.35  25    6.42
1 3955.96  10    6.20
1 3956.46 m3     6.37
1 3957.03  50    6.40
1 3960.29  30    6.77
1 3961.14  25    5.98
1 3962.35  7     6.40
1 3963.11  125   6.41
1 3964.52  80    5.97
1 3965.51  10    6.37
1 3966.06  100   4.73
1 3966.63 m3     5.88
1 3967.42 m3     6.43
1 3967.97  60    6.37
1 3969.26 m55    4.61
1 3969.63  5     6.38
1 3970.26  5     1.00
1 3970.39  50    6.19
1 3971.32  200   5.81
1 3973.65  40    6.67
1 3974.40  10    6.36
1 3974.76  8     5.34
1 3975.84  8     7.00
1 3976.61  8     6.53
1 3976.86  30    6.13
1 3977.74 m6     5.31
1 3978.46  6     5.94
1 3979.64  6     6.38
1 3981.77 m2     5.84
1 3983.96 m4     5.83
1 3985.39  125   6.41
1 3986.17  125   6.32
1 3989.01  15    1.00
1 3989.86  30    6.65
1 3990.38  70    6.15
1 3994.12  25    6.14
1 3995.20  10    6.37
1 3995.99  60    5.82
1 3996.97  40    6.80
1 3997.40  300   5.82
1 3998.06  150   5.79
1 4000.46  35    6.08
1 4001.66  80    5.27
1 4003.77  30    6.51
1 4004.84  10    6.33
1 4005.24  250   4.65
1 4006.32  60    6.36
1 4006.63  20    6.20
1 4006.76  7     5.97
1 4007.27  80    5.37
1 4008.87  5     1.00
1 4009.72  120   5.31
1 4011.41  5     5.64
1 4013.65  8     6.30
1 4013.80  80    6.10
1 4013.82  200   6.10
1 4014.53 m4     6.66
1 4016.43  15    6.37
1 4017.09  5     5.84
1 4017.15  80    6.13
1 4018.27  50    6.35
1 4021.87 m4     5.84
1 4024.10  8     5.83
1 4024.74  120   6.32
1 4029.64  80    6.34
1 4030.19  20    5.27
1 4030.49  120   6.29
1 4031.96  80    6.35
1 4032.63  80    4.56
1 4040.64  20    6.37
1 4041.29  5     6.37
1 4043.91  25    5.79
1 4044.61  70    5.89
1 4045.81 m300   4.55
1 4049.33  10    5.64
1 4049.87  30    1.00
1 4050.69  5     1.00
1 4051.92  10    6.46
1 4053.27  6     1.00
1 4054.83  25    6.29
1 4055.04  40    5.61
1 4057.35  20    5.81
1 4058.23  80    6.26
1 4058.76  40    5.47
1 4059.72  15    6.60
1 4062.44 m3     5.89
1 4063.28  10    6.26
1 4063.60  400   4.61
1 4065.39  15    6.32
1 4066.59  40    6.03
1 4066.98  100   5.87
1 4067.27  80    5.60
1 4067.98  150   6.25
1 4070.78  50    6.29
1 4071.74  300   4.65
2 4073.45  8     1.00
1 4073.77  80    6.31
1 4074.79  80    6.08
2 4075.94  5     5.59
1 4076.64  80    6.24
1 4076.80  8     6.31
1 4078.36  80    5.64
1 4079.84  80    5.89
1 4080.22  60    6.32
1 4080.89  5     6.33
1 4082.12  10    6.29
1 4083.55  10    5.31
1 4083.78  15    6.45
1 4084.50  120   6.24
1 4085.01  80    5.87
1 4085.32  100   6.27
1 4087.10  50    6.37
1 4088.58  7     6.67
1 4089.22  100   5.97
1 4091.56  8     5.86
1 4092.29  6     1.00
1 4095.97  80    5.61
1 4098.19  100   6.26
1 4100.17  10    1.00
1 4100.74  80    3.88
1 4101.27  40    6.26
1 4101.68  5     5.50
1 4104.13  100   6.29
1 4106.27  6     5.60
1 4106.44  10    6.42
1 4107.49 m4     5.84
1 4109.07  12    6.31
1 4109.81  120   5.86
1 4112.35  6     6.41
1 4112.97  70    7.19
1 4114.45  80    5.84
1 4114.96  10    6.38
1 4117.86  6     6.43
1 4118.55 m8     6.58
1 4120.21  80    5.99
1 4121.80  100   5.83
1 4122.51  70    5.85
1 4123.74  80    5.61
1 4125.62  80    7.22
1 4125.88  25    5.84
1 4126.19  80    6.34
1 4126.88  8     5.84
1 4127.61 m2     5.86
1 4127.80  25    6.29
1 4129.22  5     6.26
1 4130.04  20    6.11
1 4132.06 m32    4.61
1 4133.86  50    6.24
1 4134.42  10    6.42
1 4134.68 m4     5.82
1 4137.00  100   6.41
1 4139.93  40    3.99
1 4141.87  15    6.00
1 4143.42 m8     6.03
1 4143.87 m40    4.55
1 4146.07  15    5.97
1 4147.67 m2     4.47
1 4149.37  100   6.32
1 4150.26  50    6.42
1 4152.17  70    3.95
1 4153.91  120   6.38
1 4154.50 m4     5.81
1 4154.81  100   6.35
1 4156.80 m4     5.81
1 4157.79  150   6.40
1 4158.80  100   6.41
1 4161.08  10    6.35
1 4161.49  15    5.99
1 4163.68  12    6.40
1 4165.42  12    0.00
1 4167.86  8     6.27
1 4167.96  10    0.00
1 4168.95  10    6.39
1 4170.90  80    5.98
1 4171.70  8     6.67
1 4172.13  80    6.22
1 4172.75  60    3.93
1 4173.32  25    5.81
2 4173.48  8     5.55
1 4173.92  50    3.96
1 4174.91  100   3.89
1 4175.64 m3     5.81
1 4176.57  100   6.34
1 4177.59  100   3.88
2 4178.87  10    5.54
1 4181.76 m8     5.79
1 4182.38  80    5.98
1 4184.89  100   5.79
1 4187.04 m13    5.41
1 4187.80 m13    5.38
1 4191.44 m8     5.42
1 4191.68  20    5.81
1 4195.34  150   6.29
1 4195.62  25    5.97
1 4196.21  100   6.35
1 4198.31 m11    5.35
1 4198.64  10    6.37
1 4199.10 m13    5.99
1 4200.93  80    6.35
1 4202.03 m34    4.44
1 4202.76  10    5.97
1 4203.57  10    3.96
1 4203.99 m1     5.79
1 4205.55  50    6.37
1 4206.70  125   3.00
1 4207.13  80    5.77
1 4208.62  100   6.34
1 4210.35 m4     5.42
1 4213.65  100   5.78
1 4215.42  60    5.93
1 4216.18 m1     2.94
1 4217.55  200   6.37
1 4219.36 m7     6.51
1 4220.35  80    6.00
1 4222.22 m4     5.38
1 4224.18  200   6.31
1 4224.52  60    6.37
1 4225.47  80    6.35
1 4225.96  80    5.97
1 4226.43  80    5.77
1 4227.43 m13    6.26
1 4229.76  20    4.42
1 4232.73  10    3.00
2 4233.17  100   5.51
1 4233.61 m11    5.41
1 4235.94 m17    5.35
1 4237.17  5     1.00
1 4238.04  80    6.34
1 4238.82 m3     6.31
1 4239.73  30    5.87
1 4239.85  40    5.61
1 4240.37  30    6.47
1 4243.37  10    6.56
1 4245.26  80    5.77
1 4246.09  80    6.56
1 4247.43 m3     6.29
1 4248.23  150   5.98
1 4250.12 m12    5.38
1 4250.79 m24    4.47
1 4255.50  5     5.92
1 4258.32  60    3.00
1 4258.61  12    5.74
1 4258.96  8     5.92
1 4259.99  15    6.25
1 4260.13  7     5.98
1 4260.48 m36    5.31
1 4264.22  35    6.27
1 4264.74  12    6.87
1 4266.97  70    5.63
1 4267.83  125   6.01
1 4268.76  30    6.20
1 4271.16 m12    5.35
1 4271.76 m100   4.39
1 4276.68  10    6.78
1 4279.48  5     6.78
1 4282.41 m8     5.07
1 4285.45  125   6.12
1 4286.99  10    6.84
1 4288.15  50    5.64
1 4288.97  5     5.47
1 4290.38  35    5.87
1 4290.87  20    5.72
1 4291.47  125   4.45
1 4292.29  15    5.08
1 4294.13 m14    4.37
1 4298.04  100   5.93
1 4299.24 m12    5.31
1 4302.19  50    5.92
2 4303.17  12    5.58
1 4305.45  100   5.89
1 4307.90 m100   4.44
1 4309.04  40    6.51
1 4309.38  125   5.82
1 4315.09 m6     5.07
1 4321.80  20    1.00
1 4325.76 m95    4.47
1 4326.76  10    5.81
1 4327.10  100   6.41
1 4330.16  10    0.00
1 4330.96  5     6.12
1 4337.05 m4     4.42
1 4343.26  20    6.10
1 4346.56  50    6.15
1 4351.55  30    5.83
2 4351.76  30    5.55
1 4352.74 m4     5.07
1 4358.50  70    5.79
1 4367.58  100   5.82
1 4367.91  60    4.45
1 4369.77 m1     5.88
1 4373.57  50    5.39
1 4375.93 m6     2.83
1 4376.78  7     5.84
1 4376.78  7     6.48
1 4382.77  10    6.40
1 4383.55 m170   4.31
1 4384.70  5     5.84
1 4387.90  150   5.89
1 4388.41  125   6.43
1 4389.25  35    2.87
1 4390.95  100   5.84
1 4395.29  80    6.48
0 4400.35  20    0.00
1 4401.30  60    6.42
1 4401.45  7     5.64
1 4404.75 m85    4.37
1 4407.71  100   4.99
1 4408.42  125   5.01
1 4410.71  20    1.00
1 4415.13 m48    4.42
1 4419.54  8     1.00
1 4422.57  300   5.64
1 4427.31 m6     2.85
1 4430.21  10    5.81
1 4430.62  200   5.02
1 4432.57  5     6.37
1 4433.22  150   6.45
1 4435.15  70    2.88
1 4436.92  15    5.84
1 4438.35  10    6.48
1 4439.88  6     5.07
1 4442.34 m5     4.99
1 4443.20 m2     5.64
1 4446.84  10    6.48
1 4447.72 m5     5.01
1 4454.38  200   5.61
1 4455.03  20    6.67
1 4458.11  30    6.67
1 4459.12 m5     4.95
1 4461.20  5     5.79
1 4461.65 m3     2.86
1 4464.78  35    5.79
1 4466.55 m6     5.60
1 4466.94  7     6.70
1 4469.38  200   6.43
1 4472.23  10    6.41
1 4472.72  10    6.03
1 4476.02 m6     5.61
1 4479.62  15    6.40
1 4480.14  10    5.81
1 4482.17 m3     2.87
1 4482.26  150   4.99
1 4482.75  20    6.42
1 4484.23  125   6.37
1 4485.68  50    6.45
1 4488.13  7     6.37
1 4489.74  100   2.88
1 4490.09  40    5.77
1 4490.77  40    6.70
1 4494.57 m6     4.95
2 4508.28  40    5.60
2 4515.34  10    5.59
1 4517.53  30    5.81
2 4520.23  40    5.54
1 4520.24  40    5.82
2 4522.63  60    5.58
1 4525.15  100   6.34
1 4526.42  10    6.62
1 4528.62 m10    4.91
1 4529.56  6     6.62
1 4529.68  10    0.00
1 4531.15 m2     4.22
1 4531.65  8     5.94
1 4547.85  200   6.26
2 4549.47  100   5.55
1 4550.80  50    1.00
1 4552.55  10    1.00
1 4556.13  150   5.66
1 4560.10  20    6.32
1 4565.33  6     5.98
1 4565.67  8     5.95
1 4566.52  5     6.01
1 4568.78  10    5.97
1 4574.72  12    4.99
1 4581.52  60    5.94
2 4583.85  150   5.51
1 4587.14  12    6.27
1 4592.65  200   4.26
1 4595.36  15    5.99
1 4596.06  10    6.30
1 4598.13  50    5.97
1 4602.00  20    4.30
1 4602.94 m2     4.18
1 4607.65  50    5.95
1 4611.29  200   6.34
1 4613.22  30    5.97
1 4618.76  10    5.63
1 4619.30  100   6.29
1 4625.05  100   5.92
2 4629.33  7     5.48
1 4630.12  10    4.95
1 4632.91  70    4.28
1 4637.52  100   5.95
1 4638.02  80    6.27
1 4643.48  35    6.33
1 4647.44  125   5.61
1 4654.50  20    4.22
1 4654.62  10    5.87
1 4667.46  150   6.25
1 4668.14  125   5.92
1 4669.18  15    6.31
1 4673.17  20    6.31
1 4678.85  150   6.24
1 4680.30  9     4.26
1 4683.56  6     5.47
1 4690.14  7     6.33
1 4691.41  80    5.63
1 4707.28  100   5.87
1 4708.96  50    6.26
1 4709.10  20    6.29
1 4710.29  20    5.64
1 4714.07  50    7.19
1 4727.41  10    6.31
1 4728.56  20    6.27
1 4729.70  25    6.01
2 4731.49  5     5.51
1 4733.60  15    4.11
1 4735.85  10    6.69
1 4736.78 m1     5.82
1 4741.53  12    5.44
1 4745.81  8     6.26
0 4747.48  30    0.00
1 4768.34  6     6.29
1 4772.82  10    5.61
1 4786.81  150   5.60
1 4788.76  40    5.82
1 4789.65  100   6.13
1 4791.25  200   5.86
1 4800.66  15    6.73
1 4821.05  200   1.00
1 4832.73  5     6.21
1 4855.68  8     5.92
1 4859.75 m2     5.42
1 4871.32 m6     5.41
1 4872.14  100   5.42
1 4878.22 m1     5.42
1 4886.35  5     6.69
1 4889.01  2     6.08
1 4890.76 m3     5.41
1 4891.50 m8     5.38
1 4903.32 m2     5.41
1 4905.18  10    6.46
1 4907.74  25    5.95
1 4909.39  50    6.46
1 4910.03  100   5.92
1 4910.57  15    6.74
1 4911.80  10    6.45
1 4919.00 m5     5.38
1 4920.51  500   5.35
1 4923.72  5     1.00
2 4923.92  30    5.41
1 4924.78  100   4.79
1 4927.45  50    6.08
1 4927.88  20    1.00
1 4930.33  25    6.48
1 4933.35  50    6.74
1 4933.63  2     1.00
1 4934.02  40    6.67
1 4938.18  100   6.46
1 4938.82  300   5.38
1 4939.24  10    6.67
1 4939.69  150   3.36
1 4946.39  5     5.87
0 4946.64  1     0.00
1 4952.65  5     6.61
1 4957.31  100   5.35
1 4957.61  300   5.31
1 4962.56  10    6.68
1 4966.10  300   5.82
1 4969.93  50    6.71
1 4970.50  20    6.12
1 4973.11  100   6.45
1 4978.61  80    6.48
1 4982.51  200   6.59
1 4983.26  100   6.64
1 4983.85  200   6.59
1 4985.26  100   6.42
1 4985.55  100   5.35
1 4988.96  100   6.64
1 4990.46  5     1.00
1 4991.28  80    6.68
1 4994.13  200   3.39
1 4995.63  3     1.00
1 4997.80  20    1.00
1 5001.87 m1     6.36
1 5002.80  20    5.87
1 5004.99  7     0.00
1 5005.72 m1     6.36
1 5006.12  300   5.31
1 5007.29  25    6.42
1 5010.85  50    1.00
1 5011.31  5     1.00
1 5012.07 m1     3.33
1 5014.96  500   6.42
1 5018.44  80    5.71
1 5022.25  150   6.45
1 5023.48  10    6.78
1 5027.14  60    6.62
1 5027.21  60    6.10
1 5028.13  100   6.03
1 5030.75  1     5.70
1 5031.90  8     6.83
1 5036.29  6     0.00
1 5039.26  100   5.82
1 5041.07  125   3.41
1 5041.76 m1     3.95
1 5044.22  25    5.31
1 5048.45  50    6.42
1 5049.82 m2     4.73
1 5051.64 m1     3.36
1 5065.02  25    6.70
1 5065.20  15    6.08
1 5068.77  400   5.38
2 5070.96  1     0.00
1 5074.76  80    6.66
1 5078.99  20    6.74
1 5079.23  100   4.64
1 5079.75  100   3.43
1 5083.35 m3     3.39
1 5098.70  m20   4.61
1 5102.24  m8    4.65
1 5107.45  m10   3.41
1 5110.41 m2     2.42
1 5123.72 m20    3.43
1 5125.13  m10   6.64
1 5127.36  m10   3.33
1 5131.47  m12   4.64
1 5133.68  m2    6.59
1 5137.39  m20   6.59
1 5139.26  m2    5.41
1 5139.47  m20   5.35
1 5141.74  m10   4.83
1 5142.54  m10   6.67
1 5142.93  m12   3.36
1 5150.84  m15   3.39
1 5151.91  m7    3.41
1 5162.29  m30   6.58
1 5164.56  m7    6.84
1 5165.42  m5    6.62
1 5166.28  m12   2.40
1 5167.49 m13    3.89
1 5168.90  m8    2.45
1 5171.60 m6     3.88
1 5191.46  m40   5.42
1 5192.36  m40   5.38
1 5194.94  m20   3.95
1 5195.48  m10   6.61
1 5198.71  m8    4.61
1 5202.34  m2    4.56
1 5204.58  m12   2.47
1 5208.60  m20   5.62
1 5215.19  m20   5.64
1 5216.28  m3    3.99
1 5217.40  150   5.58
1 5225.53  m6    2.48
1 5226.87  m20   5.41
1 5227.19  m12   3.93
1 5229.87  m20   6.59
1 5232.95  m80   5.31
1 5242.49  m12   5.99
1 5250.65  m15   4.56
1 5253.48  m7    5.64
1 5254.96  m5    2.47
1 5263.31  m30   5.62
1 5266.56  m50   5.35
1 5269.54  m20   1.00
1 5270.36 m8     3.96
1 5273.18 m8     5.64
1 5273.38  m5    4.83
1 5281.80 m2     5.38
1 5283.63 m4     5.58
0 5287.92  m10   1.00
1 5302.31 m3     5.62
1 5307.36  m12   3.95
1 5324.18 m7     5.54
1 5328.04 m18    3.24
1 5328.53 m3     3.88
1 5339.94 m1     5.58
1 5341.02 m2     3.92
1 5353.39  m6    6.42
1 5364.88 m1     6.76
1 5367.46 m1     6.73
1 5369.96 m2     6.68
1 5371.50 m12    3.26
1 5383.37 m3     6.62
1 5389.46  m6    6.72
1 5393.18 m2     5.54
1 5397.13 m7     3.21
1 5398.28  m7    6.74
1 5400.50  m12   6.67
1 5404.15 m4     6.61
1 5405.78 m7     3.28
1 5410.91 m2     6.76
1 5415.21 m3     6.68
1 5424.08 m4     6.61
1 5429.70 m8     3.24
1 5434.53 m5     3.29
1 5445.04 m1     6.66
1 5446.92 m6     3.26
1 5455.43  m5    6.59
1 5455.61 m4     3.28
1 5463.28  m10   6.70
1 5473.92  m10   6.42
1 5474.92  m10   1.00
1 5476.58  m8    6.37
1 5487.14  m5    6.68
1 5487.77  10    6.40
1 5497.52 m1     3.26
1 5501.47 m1     3.21
1 5506.78 m2     3.24
1 5514.63  m5    1.00
1 5535.41  m5    6.43
1 5538.57  m5    6.46
1 5554.89  m10   6.78
1 5563.60  m10   6.42
1 5565.70  m7    6.84
1 5569.63 m2     5.64
1 5572.85 m3     5.62
1 5576.11 m1     5.65
1 5586.76 m4     5.58
1 5598.29 20     6.87
1 5615.65 m5     5.54
1 5624.55 m1     5.62
1 5638.27 40     6.12
1 5658.83 m2     5.58
1 5662.52 50     6.37
1 5701.55 50     4.73
1 5709.39 100    5.54
1 5753.14 40     6.42
1 5763.01 m2     6.35
1 5862.36 35     6.66
1 5914.16 50     6.75
1 5983.70 35     6.62
1 5984.80 50     6.80
1 5987.05 25     6.87
1 6003.03 30     5.94
1 6013.50 100    1.00
1 6016.65 100    5.60
1 6021.83 300    4.26
1 6024.06 m2     6.61    	
2 6060.38  m50 13.241
1 6063.31  m50 6.957
1 6065.49  m12 4.652
2 6074.85  m7  13.076
3 6080.85  m5  15.169
2 6083.48  m6   13.205
1 6085.26  m6  4.796
3 6095.11  m10 24.699
2 6110.60  m50 10.596
2 6118.22  m8 13.026
1 6136.62  m3  4.473
1 6137.69  m2  4.608
1 6191.55 m20 4.435
2 6200.65 m50 13.207
1 6230.72  m20 4.549
1 6246.32 m7 5.587
1 6251.21  m50 6.398
1 6252.55  m12 4.386
1 6301.50  m6 5.621
1 6318.01  m5 4.415
1 6399.99 m16 5.539
1 6411.66  m10 5.587
1 6421.35  m8 4.209
1 6430.85  m10 4.103
3 6439.06 m20 24.591
1 6444.12 m50 6.369
1 6451.58 m50 5.616
2 6466.06  m50 10.909
2 6488.41  m30 1.00
1 6494.98 m30 4.313
2 6573.79  m50 12.816
1 6592.9125 m9 4.608
1 6677.986 m18 4.549
1 6945.2052 m4 4.209
1 7187.3170 m20 5.828
1 7389.4009 m6 5.979
1 7411.1539 m7 5.956
1 7445.7458 m14 5.921
1 7495.0593 m18 5.874
1 7511.0193 m30 5.828
1 7780.586 m10 6.066
2 7780.638 10  13.034
1 7832.224 m14 6.017
1 7937.1307 m14 5.874
1 7998.9395 m14 5.921
1 8028.341  m3 6.017
1 8046.0466 m12 5.956
1 8085.1760 m10 5.979
1 8198.951 m3 5.946
1 8220.3763 m30 5.828
1 8232.347 m3 5.921
1 8327.0570 m40 3.686
1 8331.9076 m9 5.874
1 8339.431 m4 5.921
1 8387.7732 m35 3.654
1 8468.4074 m12 3.686
1 8514.0692 m9 3.654
1 8515.11  m3 4.473
3 8515.29  10 26.086
3 8516.07  12 24.591
2 8516.18 11 8.185
2 8516.56 11 13.002
2 8516.61   11 12.192
2 8517.02  11 11.396
1 8517.08   11 6.561
2 8517.32  11 13.205
3 8518.12  11 24.590
2 8518.44  11 13.046
1 8519.03   11 2.940
1 8519.05   11 6.411
2 8520.66   10 13.046
2 8521.06  10 13.034
1 8521.26   21 7.293
2 8521.53  21 12.746
2 8521.91   21 12.973
2 8522.60   21 12.650
2 8523.15   21 13.639
2 8523.15   20 8.185
2 8523.92   20 11.303
2 8524.29   20 8.948
2 8524.57   21 10.523
1 8525.04   20 6.038
2 8525.213  20 12.895
2 8525.308  20 13.045
2 8525.51  21 5.222
2 8526.23  21 12.871
1 8526.62   21 6.727
1 8526.67  20 6.367
2 8526.97  20 13.107
2 8527.46   20 8.592
2 8527.54   20 13.045
1 8527.88   20 6.474
2 8529.27  20 13.238
1 8531.16   22 6.419
2 8535.11   22 13.714
2 8535.75   22 12.893
2 8537.81  22 12.892
1 8537.81   22 5.106
1 8538.02   22 6.365
1 8538.18  22 4.283
2 8539.07  22 12.879
1 8539.13   22 5.642
1 8541.44   23 6.725
2 8541.59   23 12.688
2 8541.62   23 12.714
2 8541.84  23 12.893
2 8542.80   23 12.879
2 8543.89   23 12.892
2 8544.27  22 12.895
2 8546.29   22 12.871
1 8546.49  22 4.209
1 8547.39  22 4.178
2 8547.77  24 14.234
2 8548.10   25 12.688
2 8548.77   10 8.923
2 8551.01  10 8.568
2 8551.65  10  1.11
2 8552.23   10 11.354
2 8552.33  10 12.967
2 8552.54   10 11.571
1 8552.88   10 7.293
2 8553.75  10 13.24
2 8554.05   10 13.083
1 8554.72   10 3.882
2 8554.73   10 13.636
2 8555.21   10 12.942
2 8555.79   10 8.256
2 8557.04   10 8.718
2 8558.01   10 10.523
2 8558.58   10 12.908
1 8559.74   10 6.554
4 8560.19   10 25.056
2 8560.90   10 13.083
1 8560.97   14 5.524
2 8561.264  16 12.995
1 8561.60  17 7.168
1 8562.13   18 5.921
2 8563.22   19 9.575
2 8563.38   21 13.647
3 8563.49   21 26.088
2 8563.56   31 12.751
1 8582.27 15   4.44
1 8611.81 40  4.29
1 8621.61 10  4.39 
1 8661.91 m35 3.65
1 8674.75 60  4.26
1 8688.63 150 3.60
1 8710.29 20  6.33
1 8757.19 25  4.26
1 8764.00 100 6.06
1 8793.38 120 6.01
1 8804.62  10  3.69
1 8824.23 m40 3.60
1 8838.43 30  4.26
1 8866.96 m1  5.94
1 8945.20 20  6.41
1 8975.41 10  4.37
1 8999.56 m2  4.21
1 9012.10 30  6.36
1 9024.47 15  6.28
1 9079.60 8  6.01
1 9088.32 40  4.21
1 9089.41 30  4.31
1 9100.47 5  6.28
1 9118.89 20  4.19
1 9146.14 6  3.94
1 9210.03 6  4.19
1 9258.31 20  5.94
1 9259.05 15  6.24
1 9350.44 10  5.87
1 9359.42 6   3.88
1 9362.37 12  3.61
1 9372.90 6   3.87
1 9414.14 20  6.37
1 9569.96 40  6.28
1 9626.56 30  6.31
1 9653.14 20  6.01
1 9738.62 200 6.26
1 9763.45 15  6.38
1 9763.91 15  6.30







