2  2471.90  m1   1.00
2  2479.85  m1   1.00
2  2487.59  m1   1.00
2  2533.14  m1   1.00
2  2560.37  m1   1.00
2  2596.09  m1   1.00
2  2610.34  m46  1.00
2  2808.39  m48  5.66
2  3104.59  m24  4.00
1  3142.76  m18  4.12
2  3245.13  m70  4.00
2  3249.35  m36  3.99
2  3265.67  m45  4.12
2  3303.11  m110 3.99
2  3337.49  m200 4.12
2  3344.56  m120 3.94
2  3380.91  m200 3.99
2  3645.42  m120 3.40
2  3650.18  m46  3.39
2  3949.10  m900 3.54
2  3988.52  m440 3.51
2  3995.75  m360 3.28
2  4077.35  m280 3.27
2  4086.72  m550 3.03
2  4123.23  m440 3.32
2  4238.38  m160 3.32
2  4269.49  m48  4.69
2  4333.73  m460 3.03
2  4429.90  m200 3.03
2  4899.92  m200 2.53
2  4920.98  m80  2.64
2  4921.79  m80  2.76

