1 1996.06 m1000  6.21
1 1999.51 m1400  6.21
1 2003.82 m1900  6.18
3 2022.12  30   15.03
3 2027.77  200  15.06
3 2044.49  30   13.86
3 2049.60  50   13.88
3 2068.96  100  13.83
3 2077.31  90   13.77
3 2084.16  80   13.72
3 2089.99  60   13.68
3 2090.17  30   13.77
1 2092.13 m170   5.93
1 2092.52 a3     5.92
0 2093.39 a10    0.00
3 2094.71  50   13.72
3 2097.87  50   13.68
3 2099.91  50   13.65
1 2106.04 a5     1.00
1 2109.58 m60    1.00
1 2191.39 a5     1.00
3 2212.42  60   14.45
1 2213.82 m58    5.60
3 2215.21  80   14.47
3 2220.54  90   14.49
1 2221.84 m81    5.58
3 2227.49  100  14.51
1 2229.97 h6     1.00
1 2231.66 h7     1.00
2 2269.84 c1     9.16
2 2298.95 c1     5.39
2 2305.00 c1     5.37
0 2310.96 h3     1.00
2 2320.45 h6     8.76
2 2373.37 c7     8.93
1 2377.18 a2     5.22
1 2384.05 a2     5.21
3 2389.02  30   14.09
2 2427.41 c4     9.86
2 2427.98 c7     9.85
2 2452.49 c4     9.86
2 2452.53 c7     9.86
0 2459.69 a3     8.17
1 2460.89 a2     8.18
1 2461.01 a3     8.17
2 2466.21 c1     9.15
1 2472.89 h12    1.00
1 2488.15 h15    1.00
1 2490.64 h12    1.00
1 2491.16 h10    1.00
2 2510.66 c3     8.26
1 2527.44 h15    1.00
1 2529.13 h8     1.00
1 2533.06 m8     8.03
2 2535.65 c2     8.31
2 2541.11 c4     8.30
2 2542.93 c4     8.29
2 2543.45 m5     8.29
2 2563.65 m15    8.25
2 2568.72 c4    10.61
1 2572.76 m60    7.12
1 2575.51 m50    7.10
2 2576.10 m1200  4.81
1 2579.67 h12    0.00
2 2582.98 c4    10.19
1 2584.31 m70    7.12
1 2588.96 h8     1.00
2 2589.71 m6     8.85
1 2592.94 m32    7.09
2 2593.73 m800   4.77
1 2595.76 m32    7.10
2 2596.84 c2    10.17
2 2602.74 c4    10.50
2 2605.69 m550   4.75
2 2610.20 m24    8.16
2 2616.51 c4     8.15
2 2618.14 c30    8.15
1 2618.91 a1     7.87
0 2619.51 a1     7.87
1 2619.98 a1     7.87
1 2622.90 m18    7.87
1 2624.04 m19    7.86
1 2624.80 m5     7.86
2 2625.59 m26    8.15
1 2626.64 m12    6.99
1 2630.57 m8     7.85
2 2632.35 m24    8.13
2 2635.60 c1    10.96
2 2638.17 m16    8.12
2 2639.84 m10    8.75
0 2648.81 a1     6.96
2 2648.94 c1     8.75
2 2650.99 m3    10.19
2 2652.49 c2     8.75
2 2662.54 c1     9.17
0 2666.77 h1     0.00
2 2667.01 m6     8.72
0 2671.81 h5     0.00
2 2672.59 m14    8.34
2 2673.37 m7     8.71
2 2681.25 c2    10.44
1 2681.73 m5     1.00
2 2684.55 m7     8.75
1 2685.94 m7     7.76
2 2687.37 c3    10.18
1 2687.41 a1     7.75
2 2688.25 m14    1.00
2 2690.98 c7     9.62
1 2692.66 m11    7.74
1 2694.09 h1     1.00
2 2695.35 m7     8.31
2 2701.70 m20    8.00
1 2703.66 a3     6.90
1 2703.92 a3     6.90
2 2704.47 c3     9.60
2 2705.74 m16    7.99
2 2707.53 m10    7.99
2 2708.45 m14    7.99
2 2710.63 c4     9.59
2 2711.58 m14    7.99
1 2713.33 a5     6.87
2 2722.08 c9     8.26
2 2724.45 c7     8.26
1 2725.92 h5     1.00
1 2726.14 a5     6.87
2 2728.62 m7    13.02
1 2738.86 m4     8.29
2 2740.78 c4    10.33
1 2752.32 a1     7.87
2 2756.18 c3    10.68
1 2760.93 m6     6.61
2 2761.01 c4    10.25
2 2762.09 c7     9.24
1 2771.44 m4     6.59
1 2776.23 m4     6.61
1 2778.56 a3     6.61
1 2780.00 m4     7.36
1 2782.73 a3     6.57
1 2790.36 m8     6.59
1 2794.82 m800   4.44
2 2796.11 c7     9.24
1 2798.27 m650   4.43
1 2799.84 m28    6.54
1 2801.08 m480   4.43
1 2806.14 m8     7.56
1 2808.02 m7     6.56
1 2809.11 m14    6.56
1 2812.85 m8     6.59
1 2813.47 m9     6.59
2 2815.02 m8     8.75
1 2817.97 m11    6.54
1 2818.77 m5     6.59
1 2818.92 a1     6.59
1 2821.45 m7     6.57
1 2828.76 a1     6.57
1 2830.79 m10    6.56
1 2840.00 a1     6.47
2 2861.54 c3    12.73
1 2872.58 a2     6.48
2 2873.13 c4    12.73
2 2879.49 c4     8.41
1 2882.90 m5     6.47
2 2886.67 c7     8.42
2 2889.53 c14    8.41
2 2889.58 m20    8.41
2 2891.33 c4     8.79
2 2892.39 c4     8.41
1 2892.66 a1     6.47
2 2898.70 c14    8.40
2 2900.15 c14    8.77
1 2900.55 a1     7.41
2 2900.89 c3    12.51
1 2902.21 a1     7.41
1 2907.22 m5     7.40
1 2907.99 a1     6.45
2 2913.48 c3    10.43
2 2913.72 c3    13.02
1 2914.60 m18    6.54
2 2925.53 c4    10.42
1 2925.57 m24    6.54
2 2925.61 c6     9.62
1 2928.68 m3     7.37
2 2928.68 c3    10.18
1 2930.25 c4     6.35
2 2933.06 m140   5.41
1 2934.02 m3     7.37
2 2934.42 c3    10.17
1 2935.66 a1     7.37
2 2936.38 c4    12.48
2 2939.30 m190   5.40
1 2940.39 m32    6.54
1 2940.48 a1     6.53
1 2941.04 m8     7.36
2 2943.14 c4     9.15
2 2943.89 c4     9.15
2 2949.21 m240   5.37
2 2951.17 c4     9.13
1 2956.10 a1     6.34
2 2958.71 c3     9.57
1 2963.61 a1     6.33
2 2976.48 c4     9.10
2 2976.86 c3     9.10
2 2978.57 c4     9.73
1 2986.00 a1     6.32
1 3007.66 m5     7.26
1 3011.16 m5     7.26
1 3011.38 m5     7.26
1 3016.45 m8     7.25
1 3022.75 m9     7.24
2 3031.05 c4     8.40
2 3035.36 c4     8.41
2 3038.10 c3     8.42
2 3038.51 c3     8.41
1 3040.60 m12    7.22
1 3041.22 a2     7.22
1 3042.73 m3     7.22
1 3043.36 m11    7.22
1 3044.57 m42    6.18
1 3045.59 m15    7.21
1 3045.81 a2     7.21
1 3047.04 m26    7.21
1 3048.86 m5     7.21
2 3050.66 c7     8.56
1 3054.36 m32    6.19
2 3059.06 c3     8.56
1 3062.12 m18    6.20
1 3066.02 m22    6.18
1 3070.27 m22    6.19
1 3073.13 m20    6.20
1 3079.63 m14    6.20
1 3081.33 m8     6.19
1 3082.05 m3     6.18
1 3097.06 m6     7.38
0 3100.30 a1     7.38
0 3101.56 a2     7.37
2 3105.89 c3    12.73
2 3108.82 c4    12.73
2 3109.26 c6    12.73
1 3110.68 m6     7.35
1 3115.47 a2     7.35
0 3120.34 a2     7.73
0 3142.67 a1     6.83
1 3148.18 m9     6.21
1 3161.04 m14    6.21
1 3178.50 m22    6.21
1 3206.91 a4     5.97
1 3212.88 m34    5.97
1 3216.95 m10    3.86
1 3224.76 a7     3.85
1 3226.03 a5     5.98
1 3228.09 m160   5.95
2 3230.07 c4    10.02
1 3230.72 m46    5.97
0 3233.97 a10    6.90
0 3235.00 a8     6.90
1 3235.31 a15    6.90
1 3236.78 m130   5.97
0 3237.41 a25    6.90
1 3240.40 a5     5.93
1 3240.62 a5     5.98
1 3243.78 m50    5.98
0 3247.54 h12    0.00
1 3248.52 m100   5.97
1 3251.14 m16    5.98
1 3252.95 m48    5.98
1 3254.04 m10    5.92
1 3256.14 m48    5.98
1 3258.41 m34    5.98
1 3260.23 m28    5.98
1 3264.71 m28    5.93
1 3267.79 a4     8.02
1 3268.72 a4     7.98
1 3270.35 a3     8.04
1 3273.02 a3     8.04
1 3280.76 a5     5.91
3 3287.49 c10    0.00
1 3296.03 a2     5.92
1 3296.88 m10    5.92
1 3298.22 m10    7.13
1 3303.28 a5     7.13
1 3308.79 a2     5.92
1 3311.91 a5     5.91
1 3313.20 a3     6.81
1 3313.52 a2     6.81
1 3314.39 a3     6.81
1 3314.90 a5     6.81
1 3316.48 a3     6.81
1 3317.31 a10    6.81
1 3320.69 m10    5.88
1 3330.67 m11    5.88
1 3343.73 a3     5.88
1 3345.35 a3     5.89
2 3438.97 c3     4.78
2 3441.98 m110   5.37
2 3460.33 m55    5.39
2 3474.04 m55    5.37
2 3474.13 c6     5.40
2 3482.91 m44    5.39
2 3488.68 m28    5.40
2 3495.84 m22    5.40
2 3497.54 m16    5.39
1 3531.85 m55    5.79
1 3532.00 a80    5.79
1 3532.12 m170   5.79
3 3540.52 c10    0.00
1 3547.80 m200   5.79
1 3548.03 m170   5.79
1 3548.20 m60    5.79
1 3569.49 m340   5.79
1 3569.80 m110   5.79
1 3570.04 a15    5.79
0 3570.10 h2     0.00
1 3577.88 m220   5.57
1 3586.54 m110   5.59
1 3596.12 m44    5.61
3 3601.72 c15    0.00
1 3607.54 m65    5.57
1 3608.49 m65    5.59
1 3610.30 m55    5.61
3 3615.95 c10    0.00
1 3619.28 m44    5.61
1 3623.79 m34    5.59
1 3629.74 m22    5.57
1 3641.39 a2     7.73
2 3656.05 c7     9.57
1 3660.40 m16    8.02
1 3669.84 a3     5.52
1 3670.52 m11    5.49
1 3675.67 a1     8.06
1 3676.96 m11    8.04
1 3682.09 m8     8.04
1 3692.81 a2     5.52
1 3693.67 m32    7.58
1 3696.57 m20    6.23
1 3701.73 m8     5.49
1 3706.08 m24    7.60
1 3718.93 m15    7.60
1 3728.89 m6     6.24
1 3731.93 m15    8.45
2 3732.74 c10   10.18
1 3736.90 a3     7.55
2 3743.39 c3     9.57
1 3746.62 a2     7.55
2 3750.76 a3     6.24
1 3756.64 a2     7.56
1 3763.38 a2     6.24
0 3763.80 h4     0.00
1 3776.53 a2     5.39
2 3778.32 c4     8.56
1 3790.22 m30    5.38
3 3796.12 c10    0.00
1 3799.26 m6     5.40
1 3800.55 m12    7.10
1 3801.91 m6     6.39
1 3806.72 m360   5.37
1 3809.48 a1     6.39
1 3809.59 m80    5.39
1 3816.75 m10    5.41
1 3823.51 m240   5.38
1 3823.89 m44    5.40
1 3829.68 m15    5.41
1 3833.86 m36    5.41
1 3834.36 m100   5.39
1 3839.78 m26    5.41
1 3841.08 m50    5.40
1 3843.98 m26    5.41
1 3853.47 a2     7.85
1 3856.54 a3     6.58
1 3889.45 a1     8.53
1 3892.62 a1     6.56
1 3894.71 a3     6.55
1 3898.36 a3     7.37
1 3911.12 a1     7.01
1 3918.32 m5     7.40
1 3922.67 a2     7.01
1 3924.08 a2     7.02
1 3926.47 m9     7.00
1 3929.24 a2     7.01
1 3933.67 a3     7.00
1 3936.76 a2     7.41
1 3942.86 a3     6.99
1 3951.96 a1     7.46
1 3952.84 m5     7.33
1 3975.89 m4     7.43
1 3977.08 m5     7.40
1 3982.58 m10    6.24
1 3982.91 a2     8.24
1 3984.18 a1     6.24
1 3985.24 m11    6.24
1 3986.83 m14    6.23
1 3987.10 m11    6.24
1 3991.60 a1     6.87
0 3992.49 h4     0.00
1 4003.26 a1     7.73
1 4018.10 m110   5.20
1 4026.44 m11    6.20
1 4030.76 m2000  3.08
1 4033.07 m1400  3.08
1 4034.49 m800   3.08
1 4035.73 m110   5.21
1 4041.36 m420   5.18
1 4045.11 a16    7.39
1 4045.20 a3     7.30
1 4048.76 m80    5.22
1 4052.47 m5     7.41
1 4055.54 m140   5.20
1 4057.95 m16    6.12
1 4058.93 m80    5.23
1 4059.39 m11    6.12
1 4061.74 m55    6.12
1 4063.53 m55    5.21
1 4065.08 m6     7.30
1 4068.00 m6     5.22
1 4070.28 m22    5.23
1 4075.25 a2     7.37
1 4079.24 m55    5.18
1 4079.42 m55    5.22
1 4082.94 m80    5.21
1 4083.63 m80    5.20
1 4089.94 m5     7.30
1 4092.39 a2     7.37
1 4102.97 a2     7.37
1 4105.37 m4     7.35
1 4107.87 a1     7.62
1 4110.90 m15    7.35
1 4113.24 a1     6.39
1 4113.88 a1     7.36
1 4114.38 a1     7.37
1 4131.12 m11    7.24
1 4135.04 m9     7.25
1 4137.26 a2     6.38
1 4141.06 m6     7.25
1 4147.53 m4     6.36
1 4148.80 m6     7.25
1 4155.53 a2     6.36
1 4157.02 a3     7.62
1 4176.60 m11    7.20
1 4189.98 m9     7.20
1 4201.76 m5     7.20
1 4211.75 m5     7.20
1 4220.61 a3     7.13
2 4222.28 c4     8.74
1 4235.14 m28    5.84
1 4235.29 m38    5.81
1 4239.73 m14    5.96
3 4246.17 c10    1.00
1 4257.66 m22    5.86
1 4261.30 a2     7.62
1 4265.92 m22    5.84
1 4281.10 m20    5.81
1 4284.08 m5     5.84
1 4300.20 a2     7.51
1 4305.66 a1     7.56
2 4310.70 c4    13.54
1 4312.55 m5     5.81
1 4321.16 h6     1.00
1 4323.40 h5     1.00
2 4326.76 h8     8.26
1 4337.42 a2     7.13
1 4365.24 h2     1.00
1 4368.88 a3     7.55
1 4374.95 m3     6.20
1 4381.70 m3     7.61
1 4382.63 a2     6.20
1 4388.08 a1     7.55
1 4389.75 h5     1.00
1 4408.09 a1     7.42
1 4410.49 a1     7.13
1 4411.88 m4     7.51
1 4414.88 m26    5.69
1 4419.78 m4     7.51
1 4436.35 m16    5.71
1 4447.15 h6     1.00
1 4451.59 m60    5.67
1 4453.01 m12    5.72
1 4455.01 m10    5.85
1 4455.32 m12    5.85
1 4455.82 m8     5.85
1 4457.05 m4     5.85
1 4457.55 m16    5.85
1 4458.26 m20    5.85
1 4460.38 m4     5.85
1 4461.09 m11    5.85
1 4462.02 m38    5.85
1 4464.68 m22    5.69
1 4470.14 m15    5.71
1 4472.79 m10    5.72
1 4479.40 m3     7.88
1 4490.08 m13    5.71
1 4491.65 a1     7.85
1 4496.63 a1     7.40
1 4498.90 m18    5.69
1 4502.22 m18    5.67
1 4503.87 a1     7.39
1 4523.39 a1     7.40
1 4529.79 a1     7.53
1 4534.46 a1     7.41
1 4538.46 a1     7.42
1 4542.44 h8     1.00
1 4544.41 a1     7.52
1 4548.58 h8     1.00
3 4552.63 c20    1.00
1 4560.48 h2     1.00
3 4567.85 c15    1.00
1 4571.23 h2     1.00
1 4572.74 h2     1.00
1 4575.41 h5     1.00
1 4579.67 h5     1.00
1 4581.83 a1     7.42
1 4582.81 h2     1.00
1 4584.92 a1     7.53
1 4586.11 a2     7.36
1 4605.36 m6     7.42
1 4607.63 a1     5.58
1 4609.93 h2     1.00
1 4619.30 h2     1.00
1 4625.38 h2     1.00
1 4626.54 m6     7.41
1 4642.81 a1     7.39
1 4671.69 m2     5.54
1 4701.16 m4     5.55
2 4702.64 c3     8.41
1 4709.72 m13    5.52
2 4715.09 c3     8.40
1 4727.48 m14    5.54
1 4739.11 m10    5.55
1 4754.04 m80    4.89
1 4761.53 m14    5.55
1 4762.38 m60    5.49
1 4765.86 m24    5.54
1 4766.43 m40    5.52
1 4783.42 m75    4.89
1 4823.52 m80    4.89
1 4825.59 a1     6.41
1 4838.24 a1     6.42
1 4844.32 m2     6.40
1 4814.61 a1     6.41
1 4862.05 a1     6.40
1 4965.88 m3     5.38
1 5004.91 m1     5.39
3 5079.20 c20    0.00
3 5117.03 c10    0.00
1 5117.94 m5     5.55
1 5149.16 a3     5.54
1 5150.89 m4     5.54
1 5196.59 m4     5.52
3 5252.23 c10    0.00
1 5255.33 m7     5.49
2 5302.32 c4    12.20
1 5341.07 m13    4.44
1 5344.44 a3     7.70
1 5349.88 m1     7.70
3 5365.59 c10    1.00
1 5377.63 m8     6.14
1 5394.67 m8     2.30
1 5399.49 m4     6.14
1 5407.42 m8     4.44
1 5413.69 m3     6.14
1 5420.36 m7     4.43
1 5432.55 m3     2.28
1 5433.42 a5     7.65
3 5454.07 c15    1.00
1 5457.47 m1     4.44
1 5470.64 m5     4.43
3 5474.68 c20    1.00
1 5481.40 m3     4.43
1 5505.87 m2     4.43
1 5516.77 m4     4.43
1 5537.76 m3     4.43
1 5551.98 m1     7.72
1 5567.76 m1     7.74
1 5573.00  m7 7.780
1 5573.690 m8 7.766
1 5738.286 m7 6.393
1 5780.17  m7 6.391
1 5816.840 m7 6.389
1 6013.48  m140 5.133
1 6016.70 m200 5.133
1 6021.79 m290 5.133
1 6942.52 m12  7.724
1 7069.83 m14 6.393
1 7247.82 m10 6.389
1 7283.80 m24 6.127
1 7302.89 m35 6.127
1 7326.550 m50 6.127
1 7680.22 m12 7.105
1 7764.72 m10 6.967
1 8670.92 m10 5.855
1 8672.06 m12 5.854
1 8701.05 m12 5.854
1 8703.76 m17 5.854
1 8740.93 m30 5.853


