2 2015.12 m2400  6.15
2 2020.32 m5000  6.13
2 2038.46 m2600  6.08
2 2045.98 m2200  8.03
2 2081.68 m600   5.95
2 2089.52 m300   7.81
2 2092.50 m280   7.82
2 2093.11 m500   7.84
2 2100.84 m340   7.81
2 2104.29 m190   7.80
2 2108.04 m170   8.76
2 2116.77  6     7.80
2 2125.92  8     8.68
2 2165.19  8     8.68
2 2184.36  10    7.62
2 2189.40  5     8.54
2 2197.48  10    8.49
3 2211.01  10    0.00
2 2220.99  7     7.52
2 2236.04  5     7.45
2 2239.42  5     8.42
3 2253.18  10    0.00
2 2269.71 m53    7.37
2 2273.24  4     0.00
3 2294.87  20    0.00
2 2304.26 m20    8.80
2 2306.99 m20    7.28
2 2323.96  5     8.93
2 2324.88  5     8.11
2 2329.71  5     8.27
3 2330.93  15    0.00
2 2332.13 m16    7.21
2 2340.41  4     8.14
2 2341.57 m24    7.18
3 2359.76  10    0.00
2 2386.96  8     8.23
2 2390.78  5     0.00
2 2403.60 m17    8.11
2 2404.68 m10    8.19
2 2407.15  5     7.98
2 2413.02 m15    7.11
2 2422.18  4     8.40
2 2423.99 m9     8.07
2 2429.39  5     7.95
2 2435.94 m8     7.92
2 2443.19  5     8.04
2 2457.77  10    8.27
2 2459.76  7     8.44
2 2461.80 m5     8.11
2 2466.68 m6     7.86
2 2466.97 m6     7.11
2 2467.35  5     7.87
2 2470.04 m4     7.97
1 2471.97 m19    6.35
2 2477.57 m9     8.40
2 2479.24  5    10.33
2 2481.80 m9     6.32
2 2482.57 m8     7.96
2 2490.02  5     8.09
2 2497.80  5     7.92
2 2502.22  5     8.54
2 2503.59  5     0.00
2 2515.10 m8     7.78
2 2527.14 m9     7.98
2 2528.85  5     7.92
2 2530.33 m6     7.95
2 2532.30 m9     7.73
2 2538.44 m55    6.55
2 2542.67 m42    6.47
2 2547.34  5     7.92
1 2548.22 m42    6.20
2 2555.42 m8     7.80
1 2567.05 m32    6.16
2 2570.85  5     0.00
1 2572.34 m40    6.35
2 2578.91  5     8.23
1 2582.16 m32    6.13
2 2593.38  5     7.56
2 2593.71 m32    8.09
2 2600.10  8     0.00
2 2602.80 m32    7.80
2 2605.08 m5     8.07
2 2606.60  5     0.00
1 2607.37 m32    6.13
2 2609.21  5     8.82
1 2613.08 m36    6.16
1 2616.78 m50    6.12
1 2627.55 m40    6.10
1 2629.85 m55    6.11
2 2630.74  8     8.07
2 2633.52  10    8.07
2 2636.67 m42    6.19
1 2638.30 m32    6.12
2 2638.77 m90    6.23
1 2640.99 m52    6.16
2 2644.34 m75    7.80
2 2646.49 m46    6.22
1 2649.46 m80    6.15
2 2653.35 m60    6.26
1 2655.03 m70    6.20
1 2658.11 m36    6.13
2 2660.58 m80    6.15
2 2671.86 m7     6.55
2 2672.84 m90    8.23
2 2673.27 m32    7.42
1 2679.85 m130   6.15
2 2681.37 m12    7.57
2 2683.23 m80    7.84
2 2684.15 m110   6.28
2 2687.99 m70    6.14
2 2701.41 m60    6.08
2 2704.93 m4     8.68
2 2717.36 m36    6.48
2 2726.98 m11    7.77
2 2729.68 m17    6.08
2 2730.21 m10    7.82
1 2733.39 m32    5.95
1 2743.07 m30    5.90
2 2750.03  4     8.27
1 2751.47 m40    5.96
2 2756.07 m14    0.00
2 2763.63 m28    6.36
2 2769.76 m30    7.83
2 2774.40 m24    6.41
2 2775.39 m220   6.13
2 2780.02 m110   6.06
2 2784.99 m50    6.55
2 2791.55 m5     8.16
1 2797.93 m30    5.85
1 2801.47 m28    5.76
2 2807.75 m50    8.80
2 2816.15 m220   6.06
1 2826.54 m30    7.46
2 2827.75 m10    7.81
1 2844.39 m28    7.39
2 2848.24 m220   5.95
1 2849.38 m20    0.00
2 2853.22 m46    7.70
2 2863.80 m46    7.64
2 2871.51 m220   5.86
2 2872.88 m11    8.44
2 2874.85  1     8.46
2 2879.05 m28    8.07
2 2888.17 m8     8.40
2 2890.99 m160   5.78
2 2892.82 m24    6.41
2 2894.45 m120   5.95
2 2903.06 m36    7.55
2 2909.11 m75    5.72
2 2911.92 m140   5.86
2 2913.82 m7     7.85
2 2923.39 m160   5.78
2 2927.54 m8     7.95
2 2930.48 m140   5.72
2 2934.29 m100   7.82
2 2940.09 m12    7.21
2 2941.21 m14    7.96
2 2944.81 m19    8.56
2 2945.95  10    7.97
2 2946.69 m18    7.95
2 2947.29 m12    7.80
2 2956.92 m9     8.54
2 2960.23 m12    5.85
2 2961.33  6     6.29
2 2963.79 m32    5.72
2 2965.28 m26    5.78
2 2971.90 m9     7.40
2 2972.61 m32    6.27
2 2975.39 m10    7.85
2 2977.76  5     7.76
2 2983.96  7     8.54
2 2986.15  10    7.87
2 2986.90  5     7.75
2 2987.35  5     0.00
2 2987.96  5     7.75
2 2989.85  5     7.74
2 2997.33  5     7.73
2 3000.29  6     7.73
2 3004.45 m5     7.40
1 3013.76 m18    0.00
2 3014.16  5     8.26
2 3018.50  6     9.05
2 3018.56  5     8.26
2 3023.30  12    8.49
1 3025.00 m32    6.37
2 3027.77 m12    6.22
2 3033.33  20    8.80
1 3041.70 m38    6.15
1 3046.81 m19    6.15
1 3047.31 m26    6.15
2 3047.50  1     7.80
2 3048.89  5     8.42
2 3052.32  5     7.37
2 3053.47  5     7.80
1 3055.32 m26    6.13
2 3057.86  5     7.28
1 3061.59 m20    6.12
1 3064.28 m100   6.12
2 3065.05 m32    8.76
2 3067.64  7     7.80
1 3070.90 m32    6.11
1 3074.37 m100   6.11
2 3077.66 m11    8.41
1 3080.41 m26    6.10
2 3082.22  6     7.62
1 3085.63 m100   6.10
2 3087.63 m34    7.38
2 3092.09 m24    5.95
1 3094.66 m70    6.08
1 3101.35 m70    0.00
2 3110.85  7     6.13
2 3111.65  5     7.21
1 3112.12 m170   3.98
2 3116.10  30    7.57
2 3122.00 m36    7.28
1 3132.59 m1800  3.96
2 3136.47  10    6.91
2 3138.73 m14    7.18
2 3141.40  7     6.78
2 3141.83  9     8.07
2 3143.06  7     8.04
2 3151.64  10    7.36
2 3152.82 m28    7.21
2 3155.65 m7     7.52
1 3158.17 m750   3.93
1 3170.35 m1100  3.91
1 3172.03 m12    6.06
2 3172.74 m20    5.85
2 3175.05  9     7.17
2 3176.33  9     8.07
1 3183.03 m46    5.97
1 3185.10 m46    5.36
2 3187.59  8     6.85
2 3192.10  5     5.85
1 3193.97 m950   3.88
2 3195.86  2     7.97
1 3195.96 m36    5.95
2 3204.93  5     7.47
1 3205.22 m42    5.23
1 3205.88 m110   5.40
1 3208.83 m380   3.87
1 3210.97 m30    5.93
2 3214.39  9     7.45
1 3215.07 m70    5.24
2 3216.07  10    7.95
1 3221.74 m44    6.11
1 3228.22 m110   5.26
2 3229.68  4     7.55
1 3229.79 m70    5.37
1 3233.14 m140   5.90
1 3237.08 m120   6.34
2 3240.72 m8     5.95
2 3250.75  10    6.78
2 3253.73  9     7.96
2 3254.68  8     7.10
1 3256.21 m120   5.23
2 3258.68  5     5.95
1 3262.63 m38    5.86
1 3264.40 m60    5.88
2 3266.87  10    7.37
2 3267.62  10    6.91
1 3270.90 m100   5.25
2 3271.66  20    6.85
2 3274.62  5     7.91
2 3276.32  13    7.86
2 3278.86  5     7.37
2 3282.89  6     7.87
2 3284.60  8     7.45
1 3289.02 m140   5.19
1 3290.82 m120   5.24
2 3292.31 m24    6.91
2 3296.57  5     7.36
2 3297.68  6     6.78
1 3305.56 m40    5.08
1 3307.12 m40    5.22
2 3307.42  4     8.39
2 3312.89  8     7.32
2 3313.63 m13    7.32
2 3320.90 m24    6.85
1 3323.95 m80    5.26
2 3325.22  5     7.32
1 3325.67 m45    5.06
1 3327.30 m45    5.08
2 3329.21  10    6.78
2 3332.52  8     8.44
1 3340.17 m30    5.04
1 3344.75 m160   5.09
2 3346.39 m12    6.85
1 3347.02 m40    5.08
2 3347.25  8     6.73
2 3357.07  5     7.37
1 3358.12 m200   5.11
1 3361.37 m32    5.22
2 3363.01  8     7.28
1 3363.78 m120   5.02
2 3367.96  30    7.77
2 3370.54  5     7.40
2 3371.69  10    8.23
2 3379.75  13    6.72
1 3379.97 m120   5.09
2 3380.22  15    6.78
2 3383.98  6     8.16
1 3384.62 m240   5.13
2 3391.84  10    7.78
2 3402.81 m16    7.08
1 3404.34 m80    5.11
1 3405.94 m160   0.00
1 3418.52 m30    5.05
1 3420.04 m32    5.90
1 3421.25 m24    4.96
1 3422.31 m32    6.12
2 3422.77  20    7.21
2 3432.23  7     7.78
1 3434.79 m48    5.07
2 3435.38  6     7.37
1 3435.45 m40    6.79
1 3437.22 m80    5.69
1 3438.87 m32    4.96
1 3441.44 m32    5.13
1 3443.26 m32    5.02
2 3446.09 m16    7.70
1 3447.12 m400   5.14
1 3449.07 m80    5.06
1 3451.75 m38    0.00
1 3452.60 m32    5.85
1 3456.39 m120   3.58
1 3466.83 m40    3.58
1 3467.85 m32    5.85
1 3469.22 m40    5.63
2 3484.56  10    8.27
2 3485.72  5     8.69
1 3485.93 m30    4.94
2 3499.08  10    7.70
2 3499.97  10    8.04
2 3501.94  20    7.28
1 3504.41 m100   5.80
1 3505.32 m30    6.06
1 3508.12 m70    5.06
1 3521.41 m60    6.02
1 3524.65 m24    6.72
1 3524.98 m30    5.78
2 3537.12  1     8.14
1 3537.28 m80    0.00
1 3542.17 m40    5.76
1 3558.10 m65    5.76
1 3563.14 m50    4.95
1 3566.05 m38    5.97
1 3570.65 m30    6.65
1 3573.88 m40    5.76
1 3581.89 m170   5.54
2 3585.67  5     7.81
2 3591.65  6     8.68
2 3596.36  15    6.41
1 3598.88 m26    6.61
1 3602.94 m34    5.95
2 3606.91  6     7.42
1 3608.37 m26    4.85
2 3623.68  3     6.84
2 3623.74  2     7.91
1 3624.46 m170   5.50
1 3626.18 m42    4.95
2 3627.35  6     8.64
2 3635.14 m3     6.55
1 3635.43 m130   5.48
2 3651.10  15    6.47
2 3652.31  6     7.56
2 3652.45  6     8.11
1 3657.35 m50    5.45
1 3664.81 m60    5.66
1 3666.72 m32    5.46
2 3670.67  5     6.37
1 3672.82 m65    6.68
1 3680.60 m140   5.45
2 3688.31 m7     6.48
1 3690.59 m26    5.96
2 3692.65 m20    6.42
1 3694.94 m160   5.42
2 3702.55  25    6.37
1 3727.69 m55    0.00
1 3732.71 m36    0.00
1 3742.28 m26    5.83
2 3742.33  6     7.81
2 3744.42  4     7.94
2 3748.12  3     6.90
2 3755.50  5     6.42
1 3770.45 m40    5.37
1 3781.59 m40    4.66
2 3782.06  6     7.37
2 3786.37  5     7.25
1 3797.30 m28    4.62
1 3798.25 m3200  3.26
1 3801.84 m32    5.76
1 3826.70 m50    4.66
1 3828.87 m90    4.71
2 3833.49  8     7.40
1 3833.75 m160   4.76
2 3837.20  1     7.73
1 3847.25 m36    4.60
2 3857.20  5     8.16
1 3864.11 m2800  3.20
1 3869.08 m55    4.62
2 3871.45  5     7.91
1 3886.82 m55    4.66
1 3902.96 m1800  3.17
2 3915.43  4     6.22
2 3941.48 m6     6.29
2 3961.52  20    6.26
2 3968.67  2     6.23
2 3986.16  5     6.22
1 4056.01 m26    5.13
1 4062.08 m130   5.13
1 4069.88 m220   5.12
1 4081.44 m120   0.00
1 4084.38 m90    5.11
1 4102.15 m24    5.08
2 4107.47 m70    5.09
2 4119.63  4     6.15
1 4120.10 m60    0.00
2 4122.35  5     7.55
2 4125.63  2     7.56
1 4128.28 m14    5.08
1 4143.55 m280   0.00
1 4185.83 m46    6.12
1 4188.32 m240   0.00
2 4209.65  6     6.06
1 4232.59 m140   5.01
2 4244.72  5     7.42
2 4250.69  3     6.06
1 4251.87 m16    6.42
1 4269.28 m26    5.55
1 4276.91 m85    4.96
1 4277.24 m110   4.43
2 4279.02  5     5.96
1 4284.60 m8     0.00
1 4288.64 m130   4.36
1 4292.13 m65    4.27
1 4293.21 m85    4.31
1 4293.88 m34    4.24
1 4326.14 m80    4.93
1 4326.74 m24    4.27
1 4350.34 m22    4.27
2 4363.64  10    5.96
2 4377.75  10    5.86
1 4381.64 m180   4.91
1 4411.57 m240   4.88
1 4412.77 m10    5.08
2 4433.49  10    5.86
1 4434.95 m95    4.85
1 4457.36 m46    4.85
1 4468.28 m18    4.85
1 4474.56 m60    4.82
1 4474.65 m60    5.03
1 4491.28 m22    5.01
1 4524.34 m22    4.21
1 4526.37 m8     5.04
1 4536.80 m38    6.25
1 4576.50 m20    4.13
1 4595.16 m13    4.08
1 4609.88 m28    4.95
1 4621.38 m6     4.96
1 4626.47 m36    4.21
1 4627.48 m8     4.96
1 4707.26 m50    5.12
1 4717.92 m17    5.12
1 4731.44 m55    5.22
2 4742.61  5     7.56
1 4760.19 m60    5.25
1 4764.42 m6     4.90
1 4811.06 m7     6.36
1 4819.25 m32    5.20
1 4830.51 m32    5.20
1 4839.59 m1     0.00
2 4853.63  5     7.42
1 4868.00 m28    5.14
1 4903.81 m5     3.87
1 4950.62 m7     4.75
1 4957.54 m9     4.77
1 4979.12 m13    3.82
1 4999.91 m7     5.50
1 5172.94 m14    5.57
1 5174.18 m10    5.57
1 5238.20 m28    5.57
1 5240.88 m14    5.57
1 5242.81 m7     5.57
1 5259.04 m9     4.94
1 5280.86 m13    5.18
1 5360.56 m34    5.58
1 5364.28 m7     5.58
1 5473.37 m0     4.76
1 5506.49 m480   3.58
1 5533.05 m320   3.57
1 5570.45 m150   3.56
