3 1985.58 e30   51.74
3 2005.24 e30   51.74
3 2011.88 e30   57.52
3 2028.56 e25   57.06
3 2202.78 e40   51.02
3 2214.17 e25   51.10
3 2225.90 e45   51.07
3 2230.30 e50   50.95
3 2232.17 e40   51.87
3 2239.44 e45   51.10
3 2246.67 e40   51.02
3 2251.17 e20   57.39
3 2251.44 e45   51.10
3 2278.48 e40   51.89
3 2285.72 e35   51.87
3 2296.64 e25   54.88
3 2297.14 e25    0.00
3 2309.98 e30   51.68
3 2459.40 e45   51.36
3 2468.88 e30   51.47
3 2474.70 e40   50.40
1 2490.73  4     5.00
2 2493.15 c5    38.29
3 2497.05 e50   50.35
3 2510.38 e20   50.44
1 2512.13  4     6.00
1 2512.21  4     6.00
2 2531.55 c6    41.24
1 2543.84  4    25.00
1 2543.87  4    25.00
3 2553.62 e25   50.35
3 2563.32 e25   50.40
1 2593.87  4     7.00
1 2593.92  4     7.00
2 2611.82 c7    41.08
2 2661.00 c7    41.00
2 2671.83 c6    40.99
2 2678.09 c5    40.98
1 2680.34  4     5.00
1 2680.43  4     5.00
2 2809.51 c5    37.25
2 2841.72 c7    37.20
1 2852.81 c16    4.35
1 2853.01 c15    4.35
2 2859.48 c5    37.18
2 2871.27 c5    37.25
2 2881.14 c6    37.24
2 2893.62 c1     4.28
2 2893.95 c6    41.24
2 2904.91 c7    37.20
2 2917.52 c5    37.09
2 2919.05 c5    41.09
2 2937.72 c5    41.11
2 2974.44 c5    41.29
2 2951.23 c8    41.04
2 2974.99 c6    37.17
2 2979.66 c5    41.06
2 2984.18 c7    37.12
2 3015.40 c6    41.00
2 3029.07 c6    41.29
2 3037.07 c5    41.24
2 3045.59 c5    41.23
2 3053.66 c6    41.25
2 3056.16 c6    36.80
2 3074.33 c6    41.11
2 3078.32 c6    41.10
2 3092.73 c10   36.85
2 3129.37 c6    36.89
2 3135.48 c5    36.96
2 3149.27 c5    37.25
2 3163.73 c6    41.00
2 3179.06 c5    40.99
2 3189.78 c6    37.20
2 3212.19 c6    37.17
2 3257.97 c6    41.00
2 3274.22 c5    40.98
2 3285.75 c8    37.09
1 3302.37 m30    3.75
1 3302.98 m15    3.75
1 3426.86 c6     3.62
2 3533.01 c10   36.34
2 3631.27 c8    36.34
2 3711.07 c6    36.34
2 4123.07 c3    41.28
1 4238.99 c2     5.03
1 4242.08 c3     5.03
1 4249.41 c1     5.02
1 4252.52 c2     5.02
1 4273.64 c4     5.00
1 4276.79 c5     5.00
1 4287.84 c2     4.99
1 4291.01 c3     4.99
1 4321.40 c6     4.97
1 4324.62 c7     4.97
1 4341.49 c4     4.96
1 4344.74 c5     4.96
1 4390.03 c8     4.92
1 4393.89 c6     4.92
1 4419.89 c6     4.91
1 4423.25 c7     4.91
1 4494.18 c10    4.86
1 4497.65 c11    4.86
1 4541.63 c7     4.83
1 4545.19 c8     4.83
1 4664.81 a1     4.76
1 4668.56 a2     4.76
1 4747.94 a1     4.71
1 4751.92 a2     4.71
1 4978.54 a1     4.59
1 4982.81 a2     4.59
1 5148.84 a1     4.51
1 5153.40 a2     4.51
1 5682.66 m80    4.30
1 5688.22 m300   4.30
1 5889.95 m2000  2.11
1 5895.92 m1000  2.10
1 6154.22 m30 4.116
1 6160.78 m60 4.116
1 8183.26 m1100 3.617
1 8194.82 m2200 3.617


