1 2022.02 m640   6.13
1 2053.27 m690   6.04
1 2059.79 a200   7.34
1 2087.58 c2     6.90
1 2088.43  10    7.26
1 2111.74  4     6.84
1 2115.02  20    6.83
1 2159.52 c3     7.06
1 2169.99 m480   5.71
1 2175.58  20    7.02
1 2187.85 c2     6.63
1 2189.62  10    6.64
2 2203.51 m140   7.37
1 2218.08 c3     6.91
1 2237.43  20    6.51
1 2242.61 a2     8.20
1 2246.89 m20    6.48
1 2253.95 c3     6.82
1 2332.43 m8     6.63
1 2388.77 m3     6.51
1 2393.79 m170   6.50
1 2394.00 m1     0.00
1 2399.58 m3     6.48
1 2401.95 m65    6.13
1 2411.74 m14    6.46
1 2428.63 m2     7.76
1 2443.84 m37    6.04
1 2446.19 m68    6.04
4 2461.51 e20   31.04
1 2476.38 m130   5.98
1 2577.26 m110   6.13
1 2613.65 m50    5.71
1 2614.18 m700   5.71
1 2628.26 m24    6.03
1 2650.40 a5     7.34
1 2657.11 m1     5.63
1 2663.17 m300   5.97
1 2697.51 c10    7.26
1 2802.00 m1000  5.74
1 2823.19 m410   5.70
1 2833.07 m950   4.37
4 2864.26 e20   27.21
4 2864.51 e20   27.48
1 2873.32 m280   5.63
2 2948.72 c10   12.75
4 2978.20 e25   31.17
2 3016.40 c10   12.75
3 3043.90  10   23.59
4 3052.66 e30   27.01
2 3117.70 c10   13.56
3 3137.83  10   23.53
3 3176.54  10   23.60
1 3220.54 m3     6.50
4 3221.22 e40   27.01
1 3240.19 c2     6.49
1 3262.35 c7     6.48
3 3451.90  6     0.00
3 3455.49  8     0.00
1 3572.73 m110   6.12
3 3589.92  7     0.00
1 3639.58 m550   4.38
1 3671.50 m34    6.03
1 3683.47 m1400  4.34
3 3689.32  7    21.96
2 3714.05 c10   12.92
1 3739.95 m280   5.97
2 3786.00 c10   11.47
3 3832.83  6    23.66
3 3854.05  12   21.81
3 3951.94  8     0.00
4 3962.49 e20   26.01
1 4019.64 m40    5.75
4 4049.84 e30   26.01
1 4057.82 m3400  4.38
1 4062.14 m55    5.71
2 4152.93 c10   12.56
1 4168.05 m13    5.63
2 4242.47 c9    11.47
2 4245.00 c20   11.47
3 4272.63  8    21.96
1 4340.43 c2     6.51
2 4352.70 c10   13.87
2 4386.58 c20   11.47
3 4571.72  7    24.53
2 4579.15 c10   14.17
2 4582.34 c10   14.17
3 4760.98  6     0.00
1 5005.43 m9     6.13
2 5032.20 c6    14.16
2 5042.50 c50   11.69
2 5049.30 c9    12.74
3 5063.10  3    21.96
2 5070.70 c10   13.91
2 5074.60 c10   13.91
2 5111.90 c10   13.45
2 5155.80 c7    14.19
2 5163.80 c7     9.58
3 5189.20  4    21.96
1 5201.44 m3     6.04
2 5306.80 c6    14.14
2 5367.30 c10   11.47
2 5372.10 c10   11.47
2 5472.40 c7    14.19
3 5523.50  5     0.00
2 5544.60 c10   11.81
1 7757.65 m110   3.19
1 7800.22 m2440  1.60
1 7947.57 m1550  1.60


