2 2201.02  2     7.94
2 2206.35  2     7.72
2 2221.42  2    10.11
2 2237.71  1     8.10
2 2263.43  1     7.94
1 2264.14  2     5.66
2 2276.20 m11    8.85
2 2276.89  3     8.90
1 2276.96  1     5.44
2 2284.08  3     9.96
2 2290.03  6     7.72
2 2294.12  4     8.90
2 2298.26  3     8.98
2 2305.95  2     9.89
2 2312.65  3     8.85
2 2321.86  2     8.95
1 2322.58 m25    5.34
2 2324.86  2     9.91
2 2327.67  6     9.77
1 2333.31  1     6.45
2 2334.77 m14    7.40
2 2336.84  3     9.25
2 2346.44  4     9.85
2 2349.68  4    10.11
2 2350.35  2     7.73
1 2359.18 m4     5.44
2 2364.67  2     7.34
2 2366.68  2     8.69
1 2368.34 m7     5.66
1 2382.89 m21    5.20
2 2383.40 m17    0.00
2 2383.59  6     9.77
2 2385.45  4     7.50
2 2392.43  2    10.28
2 2396.55  6     9.12
2 2405.22  3     7.61
1 2407.88 m8     5.35
2 2408.73  4     9.72
2 2410.69  4     8.75
2 2411.94  4     9.34
2 2415.84 m10    7.58
2 2417.41  6     8.59
2 2420.18 m3     9.33
2 2420.98 m5     7.67
2 2427.09 m5     7.41
2 2429.95  4     9.05
2 2430.80  2     8.71
2 2431.85 m3     7.73
2 2433.30  6     7.41
2 2436.86  2     8.58
2 2443.71  1     8.56
2 2444.06  1     9.66
1 2444.27 m4     0.00
2 2444.74  2     8.56
2 2447.85  2     9.12
2 2448.28  2     7.70
2 2455.71 m2     7.60
2 2456.18  2     7.68
2 2458.90 m5     7.48
2 2461.04 m7     7.32
2 2463.44  3     9.08
2 2466.15  1     9.82
1 2470.39 m6     5.42
1 2471.47 m7     5.35
2 2475.63 m1     8.95
1 2483.33 m4     5.43
2 2471.89  2    10.11
1 2473.09 a3     5.20
2 2475.63 m1     8.95
2 2482.73  2     9.05
1 2483.33 m4     5.43
2 2485.82  2     9.82
2 2490.77 m8     7.07
2 2491.86  2     9.42
1 2492.30 m2     5.38
2 2503.84 m1     7.52
2 2505.10 m3     7.40
1 2509.70 m28    5.26
2 2510.66 m4     7.23
1 2515.75 m16    5.35
2 2517.52  2     9.49
2 2520.53 m10    7.00
2 2534.57  2     8.04
2 2537.04 m9     9.12
2 2537.73  2     7.52
2 2545.35  2     8.81
1 2555.36 m44    5.26
2 2581.69  3     9.25
2 2587.29 m3     8.18
2 2597.07  2     9.31
2 2603.32 m2     8.80
2 2609.17  2     8.95
1 2622.58 m12    5.42
2 2625.41  3     7.87
1 2625.88 m18    5.43
2 2628.13  2     8.76
2 2630.33  2     7.02
2 2638.74 m2     8.93
1 2652.66 m32    4.99
2 2659.11  2     9.50
2 2674.44  2     8.04
2 2676.25  2     9.15
1 2680.63 m8     5.03
2 2681.60  6     9.14
2 2683.56  3     9.71
2 2684.21  2     8.20
2 2689.62  2     8.06
2 2700.59  2     8.04
1 2703.73 m32    4.99
2 2705.63 m3     7.72
1 2707.23 m3     4.90
1 2709.52 a2     4.90
1 2714.41 m6     6.07
1 2715.05 a2     6.40
2 2715.31 m8     7.71
1 2716.82 a2     5.52
1 2717.51 m6     4.56
2 2717.98  2     9.15
1 2718.54 m14    5.26
1 2720.52 m2     6.28
1 2728.95 m13    4.86
1 2736.76 m3     4.85
2 2737.40  3     7.94
2 2739.92  3     8.10
2 2747.63  2     9.05
1 2752.84 a2     4.93
2 2761.26  2     9.01
2 2764.83  2     7.94
2 2766.54  2     8.06
1 2767.73 m4     4.80
1 2768.23 a2     5.44
1 2771.51 m8     4.79
2 2775.77  2     7.87
1 2778.06 m4     5.43
2 2778.15  2     8.04
1 2779.54 m6     5.74
2 2781.80  2     8.98
1 2783.03 m10    4.86
1 2791.16 m2     4.85
2 2792.78  2     7.59
1 2796.63 m6     5.79
2 2797.01  2     9.23
2 2802.30  2     8.95
2 2819.24  2     7.85
1 2826.68 m14    5.52
1 2827.31 m2     4.79
1 2834.12 m6     5.74
1 2836.69 m6     5.07
2 2845.73  2     7.85
1 2856.16 m4     4.77
1 2862.94 m22    5.03
1 2864.40 m5     4.73
1 2871.35 m4     1.00
1 2873.62 m2     1.00
1 2878.66 m9     4.71
1 2880.76 m4     4.71
1 2889.11 m6     6.28
1 2889.84 m6     4.99
2 2897.63  2     7.69
1 2899.96 m5     5.55
1 2907.21 m13    4.58
2 2910.17 m5     7.40
1 2912.62 m6     4.96
1 2915.42 m7     4.96
1 2924.02 m14    4.56
2 2924.10  4     7.85
2 2926.80  2     8.76
1 2929.11 m10    4.93
1 2931.94 m10    4.93
2 2963.54  4     7.59
1 2968.66 m18    4.58
1 2977.68 m13    4.86
1 2986.20 m36    4.56
1 2986.99 m7     4.85
2 3019.78  2     7.69
1 3023.91 m10    4.80
1 3028.43 m4     4.79
1 3067.31 m5     5.62
1 3083.97 m14    4.21
1 3114.91 m6     4.39
1 3121.76 m12    4.38
1 3123.70 m20    3.96
1 3130.79 m3     4.39
1 3137.71 m8     4.38
1 3151.36 m4     5.77
1 3152.60 m4     4.63
1 3155.78 m11    5.07
1 3179.73 m6     4.86
1 3185.59 m7     5.03
1 3189.05 m12    4.21
1 3191.19 m40    4.58
1 3194.55 a2     4.58
1 3197.13 m16    4.20
1 3214.33 m6     3.85
1 3217.88 a2     5.52
1 3218.28 a2     4.99
1 3237.66 m7     4.79
1 3263.14 m44    4.21
1 3271.61 m44    4.20
1 3280.55 m200   3.96
1 3283.57 m200   4.10
1 3289.14 m24    4.20
1 3289.64 m4     5.60
1 3294.28 m18    5.34
1 3300.47 m22    5.03
1 3323.09 m360   3.92
1 3331.09 m5     4.42
1 3338.55 m28    3.90
1 3344.20 m7     5.07
1 3359.90 m5     5.43
1 3362.18 m5     4.09
1 3368.38 m36    4.00
1 3372.25 m95    4.00
1 3396.85 m480   3.64
1 3399.70 m70    3.96
1 3406.55 m14    5.43
1 3412.27 m70    5.62
1 3434.89 m700   3.60
1 3440.53 m120   5.60
1 3447.74 m10    4.56
1 3450.29 m10    5.27
1 3451.15 m5     4.00
1 3455.22 m34    4.00
1 3455.42 m5     5.07
1 3457.07 m15    4.86
1 3457.93 m19    5.26
1 3462.04 m500   3.91
1 3469.62 m15    4.85
1 3470.66 m400   4.00
1 3472.25 m10    4.71
1 3474.78 m400   4.00
1 3478.91 m180   3.98
1 3494.44 m9     5.03
1 3498.70 m100   3.97
1 3502.52 m500   3.53
1 3507.32 m240   3.86
1 3511.79 m5     5.52
1 3513.10 m5     5.26
1 3525.66 a2     4.79
1 3528.02 m750   3.70
1 3538.14 m75    4.21
1 3538.26 m75    5.34
1 3541.91 m24    4.86
1 3543.95 m100   4.20
1 3549.54 m150   3.90
1 3570.18 m100   3.90
1 3583.10 m400   3.64
1 3596.19 m400   3.77
1 3597.15 m500   3.86
1 3612.47 m260   3.87
1 3626.59 m150   4.65
1 3639.51 m26    4.77
1 3657.99 m700   3.57
1 3666.22 m110   3.70
1 3690.70 m160   3.76
1 3692.36 m800   3.35
1 3695.53 m80    5.34
1 3700.91 m650   3.53
1 3713.02 m80    3.78
1 3735.28 m55    4.99
1 3737.27 m36    4.80
1 3748.22 m100   4.58
1 3765.08 m200   4.00
1 3788.47 m85    3.98
1 3793.22 m320   3.98
1 3799.31 m420   3.97
1 3805.92 m65    4.93
1 3806.76 m110   3.57
1 3818.19 m110   4.39
1 3822.26 m320   4.21
1 3828.48 m200   4.38
1 3833.89 m170   4.20
1 3856.52 m500   3.92
1 3872.39 m6     3.90
1 3934.23 m170   3.85
1 3942.72 m50    4.42
1 3958.87 m320   4.10
1 4082.78  100   1.00
1 4119.68 m10    4.99
1 4121.68 m90    3.98
1 4128.87 m130   3.97
1 4135.27 m180   3.70
1 4154.37 m20    4.56
1 4196.50 m28    4.09
1 4211.14 m280   3.65
1 4288.71 m70    3.85
1 4373.04 m4     4.20
1 4374.80 m360   3.54
1 4379.92 m8     3.97
1 4492.47 m3     3.90
1 4528.73 m2     3.70
1 4569.01 m11    3.85
1 4675.03 m13    3.35
1 4842.43 m1     3.70
1 4843.99 m4     5.91
1 4963.71 m5     3.86
1 5090.63 m6     3.57
1 5155.54 m5     3.76
1 5158.69 m3     5.98
1 5175.97 m5     5.93
1 5184.19 m3     3.35
1 5193.14 m8     5.92
1 5237.16 m4     6.22
1 5269.27 m1     5.93
1 5292.14 m1     3.92
1 5354.40 m11    6.22
1 5379.10 m4     6.22
1 5381.48 a5     6.22
1 5390.44 m8     6.50
1 5404.73 m2     5.94
1 5424.07 m5     5.93
1 5535.04 m2     5.94
1 5544.59 m1     5.94
1 5599.42 m14    3.35

