1 2092.44 m280   5.99
2 2101.17 s2     7.70
2 2103.70 s4     7.71
2 2123.34 s3     5.88
2 2131.85 s4     5.84
2 2133.04 s3     0.00
2 2134.12 s10    5.83
2 2137.31 s5     5.81
2 2138.17 s3     5.80
2 2139.80 s4     5.80
2 2140.06 s6     5.83
2 2141.94 s2     5.81
2 2143.04 s2     5.80
2 2147.52 s1     5.77
2 2150.83 s2     0.00
2 2151.03 s2     0.00
2 2151.81 s2     0.00
1 2170.74 a5     5.71
1 2173.15 a5     5.72
1 2177.00 a8     5.73
1 2182.22 a10    5.74
2 2185.39 s2     7.70
1 2196.40 a4     5.68
1 2202.72 a6     5.69
2 2220.21 s4     6.68
1 2225.42 a3     5.58
1 2229.74 a2     5.59
2 2229.99 s3     6.69
1 2237.23 a5     5.61
1 2241.85 a4     5.60
1 2245.76 a3     5.52
1 2250.67 a3     5.52
2 2280.34 s2     7.70
2 2281.24 s2     7.71
2 2281.60 s2     6.53
2 2289.22 s3     6.54
2 2294.99 s2     6.53
1 2311.47 a3     5.36
1 2315.63 a3     5.37
1 2324.75 a3     5.40
1 2325.87 a3     5.33
1 2329.53 a3     5.34
1 2334.43 a4     5.35
2 2336.11 s2     6.88
1 2340.49 a3     5.36
2 2342.14 s3     6.86
2 2352.18 s5     6.84
2 2357.81 s3     8.16
2 2379.15 s4     6.69
2 2380.91 s6     6.33
2 2383.99 m5     6.29
1 2386.96 m8     6.54
1 2388.08 a4     5.21
1 2388.91 m8     6.56
2 2389.70 s5     6.26
1 2390.87 m9     5.20
1 2391.27 m9     5.46
1 2392.90 m11    5.48
1 2397.78 m9     5.24
1 2399.95 m9     5.16
2 2400.89 s2     0.00
1 2401.90 a6     5.18
1 2406.75 m17    5.19
1 2407.90 m14    5.16
1 2412.69 m12    5.18
1 2413.03 m9     5.14
1 2415.33 m16    5.13
1 2416.75 m16    5.19
1 2417.35 m12    5.14
1 2420.12 m13    5.19
1 2421.05 m13    5.13
1 2421.97 m13    5.16
1 2423.37 m5     5.13
1 2428.27 m14    5.14
1 2432.01 m10    5.14
1 2435.52 m14    5.16
1 2439.10 m7     5.15
1 2441.89 m4     5.14
2 2444.97 s3     6.86
2 2446.70 s2     6.54
2 2447.61 s1     6.88
2 2453.35 s4     6.86
2 2458.29 s2     6.47
2 2465.27 s7     6.84
2 2475.45 s1     6.68
2 2475.87 s1     6.68
2 2479.04 m9     6.68
2 2479.52 m6     6.68
2 2482.31 m6     6.46
2 2483.06 s6     6.66
1 2501.61 m18    4.95
2 2503.02 m8     6.02
1 2503.30 m10    4.95
2 2506.22 m9     6.04
1 2506.91 m20    4.94
1 2507.78 m32    4.96
1 2511.64 m24    4.97
1 2511.94 m24    4.95
2 2514.63 m10    6.05
1 2515.15 m9     4.94
1 2517.14 m24    4.96
1 2519.62 m32    4.95
2 2524.00 s5     6.46
1 2526.22 m55    4.97
2 2527.90 m28    6.48
2 2528.47 m16    6.46
2 2528.83 m20    6.46
1 2530.18 m32    4.97
2 2534.52 m4     6.29
1 2545.98 m8     4.86
2 2548.69 m8     6.29
1 2552.65 m16    4.87
1 2562.13 m28    4.87
1 2564.82 m15    4.87
1 2568.38 m5     0.00
2 2571.06 s3     6.86
1 2574.02 m30    4.88
2 2574.52 s3     6.29
1 2577.29 m6     4.87
2 2583.01 s1     6.48
2 2584.95 s4     6.84
2 2616.24 s2     6.54
1 2620.28 m12    5.81
2 2622.74 s2     0.00
2 2628.75 s1     0.00
2 2630.67 m19    6.53
2 2640.86 s4     8.98
2 2644.36 m6     8.99
2 2645.84 m11    6.48
1 2647.71 m12    4.68
2 2648.47 s2     8.01
2 2649.37 s8     9.00
1 2651.90 m19    4.69
1 2652.92 m6     6.56
1 2653.82 m6     6.54
2 2655.68 m7     9.02
1 2656.22 m20    4.71
1 2661.42 m24    4.72
2 2663.25 s12    9.05
1 2665.96 m4     4.65
2 2670.24 s2     6.86
2 2672.00 m38    4.65
2 2673.25 m5     0.00
2 2677.80 m50    4.63
2 2678.57 m36    4.65
2 2679.33 m50    4.65
2 2682.87 m24    4.63
2 2683.09 m24    4.62
2 2687.96 m140   4.65
2 2688.72 m22    4.65
2 2689.88 m20    4.61
2 2690.25 m30    4.63
2 2690.79 m32    4.62
2 2694.74 s1     4.61
1 2696.99 m16    5.95
1 2697.75 m16    5.97
1 2698.73 m6     5.81
1 2699.12 m4     5.81
2 2700.94 m90    4.63
2 2702.19 m50    4.61
2 2705.22 m6     4.58
2 2706.17 m70    4.60
2 2706.70 m20    4.59
2 2707.86 m14    4.58
2 2710.17 s1     6.15
2 2711.74 m22    4.61
2 2713.05 m8     4.58
2 2714.20 m16    4.59
2 2715.68 m85    4.60
1 2722.56 m20    5.90
2 2726.54 s2     6.10
2 2728.64 m32    4.55
1 2731.35 m24    5.91
2 2739.71 m13    4.52
2 2747.46 m8     6.88
2 2753.41 m19    6.88
2 2760.71 m12    6.87
2 2765.68 m18    9.11
2 2766.46 m8     6.16
2 2768.57 m11    6.04
2 2771.41 s2     9.08
2 2772.01 s3     9.10
2 2774.28 m12    6.02
2 2774.72 m6     6.84
2 2775.77 m6     6.84
2 2777.75 m18    6.16
2 2778.60 s4     0.00
2 2781.48 s5     9.08
2 2782.25 s3     0.00
2 2797.02 m9     6.46
2 2797.80 m10    6.47
2 2798.76 m11    6.48
2 2799.45 m12    6.10
2 2802.80 m12    6.10
2 2803.47 m16    6.10
2 2810.16 m12    6.68
2 2810.27 m12    6.68
2 2817.51 m8     6.66
2 2822.44 s4     0.00
2 2825.86 s2     9.04
2 2830.40 s2     6.90
2 2836.53 m8     6.06
2 2841.04 m8     6.04
2 2845.24 m6     6.88
1 2846.57 m16    0.00
2 2847.57 m14    6.86
2 2849.05 m4     6.02
1 2852.87 m18    6.05
2 2854.34 m18    6.86
1 2855.22 m26    4.34
1 2857.94 m8     5.53
1 2859.97 m24    4.35
1 2868.13 m28    6.21
2 2869.13 m18    6.84
1 2870.55 m28    4.38
2 2873.18 s1     6.68
2 2877.69 m14    6.10
2 2879.16 m14    4.65
2 2880.03 m46    4.65
2 2882.49 m50    4.63
2 2884.79 m50    5.62
2 2888.24 m19    6.11
2 2889.61 m50    4.61
2 2891.64 m120   4.62
2 2892.43 m70    4.65
2 2892.65 m120   4.63
2 2893.31 m190   4.65
2 2896.20 m48    4.61
1 2899.21 m12    4.29
1 2899.60 m15    4.27
2 2903.07 m48    4.59
1 2904.13 m11    4.31
1 2906.13 m20    4.28
2 2906.45 m120   4.60
2 2907.46 m65    4.63
2 2908.81 m320   4.65
2 2910.01 m95    4.59
2 2910.38 m70    4.58
2 2911.05 m75    4.60
1 2914.93 m50    4.29
2 2917.37 m16    4.58
2 2919.99 m28    4.60
2 2920.38 m50    4.58
1 2923.62 m95    4.31
2 2924.02 m320   4.63
2 2924.63 m220   4.61
2 2930.80 m95    4.58
2 2932.32 m9     6.78
2 2934.39 m28    4.55
2 2938.26 m4     6.03
2 2941.37 m120   4.60
2 2941.49 m60    4.55
1 2942.35 m30    4.28
1 2943.20 m30    4.21
2 2944.57 m140   4.58
2 2948.08 s3     7.96
2 2949.17 m8     6.96
1 2949.82 m30    4.22
2 2950.34 m40    4.52
2 2952.07 m85    4.55
1 2954.33 m16    4.21
2 2955.58 s1     7.95
2 2957.52 m34    4.52
1 2962.77 m55    4.23
2 2972.26 m16    6.54
2 2976.20 m16    5.83
2 2976.52 m50    5.85
1 2977.54 m32    4.23
2 2981.20 m8     6.54
2 2982.75 s2     5.83
2 2983.56 s4     5.83
2 2985.18 s3     7.95
2 2988.03 m12    5.83
1 2990.95 a4     5.32
2 2994.54 m10    7.94
2 2996.00 m10    5.80
2 3001.20 m34    5.83
2 3003.46 m12    5.81
2 3005.81 s1     6.50
2 3006.50 s1     6.68
2 3008.51 s1     6.67
2 3008.61 m6     5.80
2 3012.02 s2     6.16
2 3013.10 m12    5.78
2 3014.82 m18    5.79
2 3016.78 m24    5.81
2 3022.57 s2     5.77
2 3024.98 s2     6.47
2 3028.04 s2     6.47
2 3033.45 m36    6.61
2 3033.82 m38    5.90
2 3041.42 m6     6.10
2 3042.27 m12    6.09
1 3043.12 m30    4.09
1 3043.56 m30    4.08
1 3044.94 m30    4.11
2 3048.21 m30    6.58
2 3048.89 m12    6.10
1 3050.40 m6     5.44
2 3050.73 s1     6.34
1 3050.88 m22    4.06
1 3052.19 m9     4.08
2 3053.39 m24    5.86
1 3053.65 m60    4.05
2 3053.89 m9     6.10
2 3055.94 s1     6.58
1 3056.33 m160   4.07
1 3060.46 m190   4.09
2 3063.25 m19    6.56
1 3066.38 m320   4.11
1 3069.65 m18    4.08
2 3070.12 s1     8.01
1 3072.71 a1     0.00
1 3073.82 m22    4.05
2 3081.25 s1     6.29
1 3082.11 m20    4.09
2 3083.21 s2     6.54
1 3083.54 a12    5.24
1 3084.38 a8     5.24
1 3088.13 m12    5.21
1 3089.13 m6     5.21
1 3091.55 a5     4.05
1 3092.72 a3     0.00
2 3093.11 m500   4.40
2 3094.20 m26    6.04
1 3094.70 m7     5.19
2 3100.94 m24    6.02
2 3102.30 m400   4.36
2 3108.70 s1     6.02
2 3109.37 s1     7.11
2 3110.71 m340   4.33
2 3113.56 m12    6.88
2 3118.38 m260   4.31
2 3120.73 m10    6.53
2 3121.14 m50    4.36
2 3122.89 m20    6.87
2 3125.01 s1     6.34
2 3125.28 m200   4.29
2 3126.22 m34    4.33
2 3128.29 s1     6.34
2 3128.69 s1     6.34
2 3130.26 m70    4.31
2 3133.33 m55    4.29
2 3134.93 m28    6.48
2 3136.50 m20    6.47
2 3138.05 s1     7.71
2 3139.73 m20    6.46
2 3141.49 s2     6.55
2 3142.48 m26    6.16
2 3143.48 s1     6.46
2 3144.70 s1     6.47
2 3146.23 m6     6.50
2 3146.82 s1     6.50
2 3148.74 s1     9.40
2 3151.32 m5     6.48
2 3155.41 s3     6.14
2 3161.31 s2     6.52
2 3164.82 m5     5.01
2 3165.89 s2     6.29
2 3167.42 s2     7.71
2 3174.53 s3     7.70
1 3183.41 m420   3.91
1 3183.98 m700   3.90
1 3185.40 m500   3.96
2 3187.72 m55    4.96
2 3188.51 m70    4.98
2 3190.69 m100   5.01
1 3193.07 m7     5.74
1 3198.01 m70    3.90
1 3202.38 m100   3.91
1 3205.58 m60    5.22
1 3207.41 m60    3.94
2 3208.35 m10    4.96
1 3212.43 m55    5.23
2 3214.75 m10    4.98
1 3217.11 m28    3.90
2 3226.92 s2     6.96
2 3231.95 s4     6.09
2 3233.77 s3     6.11
2 3237.88 m20    5.86
1 3249.57 m7     3.88
2 3250.78 m7     6.71
2 3251.87 m5     6.34
1 3254.77 m18    3.88
2 3257.89 s4     6.29
1 3263.24 m18    3.80
2 3263.33 s1     5.83
2 3265.89 s10    6.16
2 3267.71 m140   4.86
2 3271.12 m120   4.88
2 3276.12 m100   4.91
2 3279.84 m14    6.15
2 3281.12 s2     6.34
2 3282.53 m7     6.14
1 3283.31 m12    3.81
2 3285.02 s6     6.29
2 3289.39 m12    4.86
2 3290.24 s2     6.25
2 3293.15 s2     8.00
2 3297.53 s1     6.25
1 3298.14 m19    3.83
2 3298.74 m12    4.88
2 3301.65 s1     0.00
2 3304.47 s2     6.29
2 3308.48 s1     6.29
2 3314.86 s6     6.29
2 3315.18 s6     6.11
2 3316.87 s1     6.27
2 3317.91 s1     6.25
2 3318.91 s1     6.29
2 3321.54 m7     6.10
1 3329.86 m14    4.94
2 3335.48 s1     6.48
2 3337.85 s10    6.84
2 3345.90 s4     8.22
2 3353.78 s1     6.18
1 3356.35 m12    4.89
2 3361.51 s3     6.05
1 3365.55 m14    4.87
1 3376.06 m7     4.87
1 3377.40 m7     4.86
1 3377.63 m14    4.98
2 3382.53 s2     6.18
1 3384.60 a7     4.72
1 3400.40 m22    4.73
1 3402.57 m7     4.71
2 3404.43 s4     8.15
2 3451.05 s1     6.10
2 3453.09 s6     6.14
2 3457.15 s15    6.18
2 3469.53 s2     5.84
2 3470.26 s1     5.83
2 3477.51 s2     5.83
2 3479.84 s4     4.63
1 3482.19 a1     5.69
2 3485.92 m15    4.65
2 3493.16 m7     4.62
2 3497.03 m12    6.14
2 3499.82 s1     4.61
2 3504.43 m28    4.63
2 3521.84 s4     5.79
2 3524.71 m15    4.61
2 3530.77 m30    4.58
2 3538.24 s2     4.63
2 3541.34 s6     6.10
1 3543.50 m15    4.68
2 3545.19 m75    4.59
1 3553.27 m15    4.71
1 3556.25 m7     5.62
2 3556.80 m75    4.61
2 3560.59 m7     4.58
1 3566.18 m15    4.54
2 3573.56 s6     5.84
2 3574.34 s8     5.84
1 3577.87 m7     5.58
2 3578.64 s1     5.83
1 3580.83 a5     5.57
1 3583.70 a15    4.54
2 3589.75 m75    4.52
2 3592.01 m65    4.55
2 3593.32 m36    4.58
1 3600.03 a7     5.24
2 3604.38 s1     5.98
1 3606.69 m15    4.78
2 3618.92 s20    6.18
2 3620.50 s1     6.55
2 3621.20 s7     5.79
2 3625.61 s2     5.79
2 3627.71 s3     5.78
1 3629.31 a1     5.67
2 3632.13 s1     5.78
1 3635.87 a5     0.00
1 3639.02 m15    5.21
1 3641.10 a7     5.43
1 3644.71 m15    4.77
1 3648.96 m12    5.43
1 3656.71 m12    5.44
2 3661.38 s20    6.71
1 3663.59 m26    5.41
1 3665.14 m8     5.45
1 3667.74 m26    5.42
2 3669.41 m12    5.90
1 3671.21 m18    4.73
1 3672.40 m10    5.47
1 3673.40 m30    5.43
1 3675.70 m30    3.64
1 3676.68 m18    5.49
1 3677.09 a2     3.37
1 3680.11 m32    5.44
1 3683.13 m60    3.53
1 3686.26 m20    4.74
1 3688.07 m140   3.64
1 3690.28 m110   3.62
1 3692.23 m160   3.63
1 3694.62 a3     5.43
1 3695.34 m48    5.48
1 3695.87 m110   3.37
2 3700.34 s20    5.86
1 3703.58 m400   3.64
1 3704.70 m190   3.63
1 3705.04 m60    3.62
1 3706.04 m10    5.21
1 3708.72 m14    5.23
2 3711.12 s3     5.83
1 3713.96 m4     3.40
2 3715.48 m34    4.91
2 3718.16 s3     5.01
1 3722.00 m5     5.20
2 3727.35 m26    5.01
2 3728.34 m5     5.83
1 3729.04 m6     5.18
2 3732.76 m30    4.88
2 3736.02 s7     5.84
1 3737.99 m5     5.16
1 3738.76 m9     5.21
1 3740.24 m4     5.20
1 3741.50 m10    5.59
2 3745.81 m24    4.86
1 3747.98 m4     5.20
2 3750.88 m22    4.98
2 3751.22 s7     5.79
1 3751.78 m4     4.37
1 3755.70 m4     5.58
1 3759.32 m4     5.87
2 3760.24 s14    4.98
1 3763.14 m9     5.22
2 3770.97 m22    4.96
2 3772.96 s8     5.78
1 3776.16 m4     5.24
2 3778.36 s10    4.96
1 3778.68 m28    3.56
2 3787.24 s30    5.79
1 3787.54 a3     5.16
1 3790.33 m55    3.54
2 3794.37 s10    5.79
1 3794.96 m120   3.56
1 3799.91 m60    3.52
1 3803.47 m60    3.54
1 3807.51 m32    3.51
1 3808.52 m55    3.25
1 3809.60 m24    3.52
1 3813.49 m110   3.26
2 3815.38 s20    6.14
1 3818.24 m140   3.25
1 3819.96 m24    3.54
1 3821.49 m24    3.51
1 3822.01 m60    3.28
1 3834.23 m30    4.94
1 3835.56 m8     4.28
1 3839.00 m17    4.29
1 3840.44 m60    4.31
1 3843.51 a6     4.27
1 3844.44 m40    3.22
1 3847.33 m34    3.23
1 3849.32 m12    0.00
1 3851.17 m8     4.28
1 3855.37 m130   3.21
1 3855.84 m320   3.28
1 3858.69 m7     4.27
1 3862.22 m16    3.22
2 3863.81 m14    4.56
1 3864.86 m140   3.22
2 3866.74 s3     4.63
1 3867.60 m24    3.24
1 3871.08 m18    4.58
1 3875.08 m160   3.23
1 3875.91 m44    3.21
1 3876.09 m60    3.26
2 3878.71 m14    5.01
1 3879.66 a10    5.14
2 3884.85 s5     4.98
1 3890.18 m55    3.22
1 3892.86 m36    3.22
2 3896.16 m7     4.26
2 3899.14 m11    4.98
1 3900.18 m11    5.45
1 3901.15 m11    5.47
1 3902.26 m190   3.24
2 3903.27 m4     4.65
1 3906.75 m8     4.23
1 3908.32 a4     0.00
1 3909.89 m55    4.52
1 3912.21 m17    4.21
2 3914.33 m11    4.96
2 3916.42 m8     4.59
1 3922.43 m18    4.23
1 3927.93 m16    5.01
1 3930.02 m20    4.53
1 3934.01 m20    4.23
1 3937.53 m4     5.01
1 3943.66 m12    4.23
2 3951.97 m11    4.61
2 3968.11 m4     4.52
2 3973.64 m8     4.55
2 3977.73 s2     4.59
1 3979.14 m4     5.69
1 3988.83 m7     4.97
1 3990.57 m42    4.96
1 3992.80 m20    4.96
2 3997.13 m4     4.58
1 3998.73 m34    4.97
2 4002.94 s4     4.52
2 4005.71 m13    4.91
2 4023.39 m9     4.88
2 4035.63 m12    4.86
2 4036.78 s2     4.55
2 4046.27 s2     6.19
2 4051.34 m25    5.20
2 4053.59 s3     6.86
2 4065.07 s10    6.85
1 4067.75 a3     4.94
1 4090.58 m90    4.11
1 4092.69 m140   3.31
1 4099.80 m220   3.30
1 4105.17 m220   3.29
1 4109.78 m180   3.28
1 4111.79 m700   3.31
1 4115.18 m340   3.30
1 4116.48 m140   3.29
1 4123.56 m160   3.27
1 4128.08 m240   3.28
1 4132.02 m240   3.29
1 4134.49 m180   3.29
2 4178.39 s2     4.65
2 4183.43 s6     5.01
2 4202.35 s4     4.65
2 4205.08 s6     4.98
2 4225.23 s4     4.96
2 4232.07 s3     6.90
1 4268.64 m44    4.77
2 4278.89 s2     6.90
1 4309.80 m13    2.92
1 4330.02 m36    2.86
1 4332.82 m40    2.88
1 4341.01 m60    2.89
1 4342.83 m4     4.73
1 4352.89 m80    2.92
1 4379.24 m950   3.13
1 4384.72 m550   3.11
1 4389.97 m380   3.10
1 4395.23 m280   3.08
1 4400.58 m110   3.08
1 4406.64 m180   3.11
1 4407.66 m220   3.09
1 4408.21 m280   3.09
1 4408.51 m360   3.08
1 4416.48 m50    3.07
1 4421.57 m50    3.08
1 4426.01 m36    3.09
1 4437.84 m50    3.08
1 4441.68 m65    3.06
1 4444.22 m50    3.06
1 4452.02 m48    4.65
1 4459.77 m80    3.07
1 4462.37 m48    4.64
1 4488.89 m30    4.61
2 4512.72 s2     6.54
2 4528.51 s7     5.01
1 4545.39 m28    4.68
1 4560.71 m22    4.67
2 4564.59 s10    4.98
1 4571.78 m16    4.66
1 4577.17 m40    2.71
1 4580.40 m50    2.72
1 4586.36 m65    2.74
1 4594.11 m100   2.76
2 4600.19 s7     4.96
1 4619.77 m18    2.72
1 4670.49 m12    3.73
1 4786.51 m8     4.66
1 4796.92 m10    4.68
1 4807.53 m10    4.70
2 4813.95 s2     6.33
1 4827.46 m10    2.61
1 4831.65 m11    2.58
1 4832.43 m9     2.56
1 4851.49 m24    2.55
1 4864.74 m36    2.56
1 4875.48 m46    2.58
1 4881.56 m55    2.61
2 4883.42 s4     6.33
2 4884.06 s2     6.29
1 4925.66 m6     3.73
1 5002.33 m5     4.84
1 5014.63 m6     5.14
2 5019.86 s4     6.71
1 5064.12 m2     0.00
1 5128.53 m8     4.70
1 5138.42 m8     4.68
1 5139.53 m1     4.77
1 5148.72 m5     4.66
1 5176.77 m5     0.00
1 5192.99 m8     4.70
1 5194.82 m8     4.65
1 5240.87 m8     4.74
2 5241.19 s4     6.88
1 5353.41 m3     4.68
1 5393.18 a6     4.17
1 5401.93 m7     4.65
1 5415.26 m10    4.66
1 5434.18 m3     4.64
1 5487.92 m6     4.63
1 5507.75 m5     3.96
1 5584.49 m10    3.28
1 5592.42 m7     3.26
