2    1998.82 s50     6.20
2    2098.40 e1     0.00
2    2102.72 e1     0.00
2    2116.65 m350     0.00
2    2126.72 m420     5.83
2    2138.35 e4     0.00
2    2139.98 e10     0.00
2    2144.77 e15     0.00
2    2154.16 e20     0.00
2    2162.60 m52     0.00
2    2163.89 e4     0.00
2    2185.69 m120     5.66
2    2224.45 m90     5.57
2    2240.11 s30     9.83
2    2244.29 s40    11.08
2    2257.03 s40     9.83
2    2262.27 s80    11.08
2    2265.68 s60     9.77
2    2282.99 s40     9.77
2    2283.99 s30    11.03
2    2305.33 s30     9.67
2    2309.28 s30    10.97
2    2314.48 s40     9.69
2    2337.97 s50    10.86
2    2365.43 e20     0.00
1    2464.50 m65     5.03
2    2490.42 e20     9.83
2    2512.05 m20     7.59
2    2516.82 s30     4.92
2    2538.67 m38     4.88
2    2555.29 s50     9.83
2    2567.61 s70     9.67
2    2579.58 s70     8.94
2    2597.23 s40     9.77
2    2599.16 s70     9.69
2    2621.13 s80    10.97
2    2627.07 s60    10.28
2    2638.09 s80     9.69
2    2640.49 s70     9.67
2    2642.54 m11     8.99
2    2643.62 s30    11.08
2    2651.72 s90    10.28
2    2652.23 s90    10.23
2    2653.74 m140     7.33
2    2659.98 s60    10.86
2    2664.90 s60    11.03
2    2665.02 m28     8.57
2    2666.11 m12     8.99
2    2666.98 m12     8.94
1    2671.98 m55     0.00
2    2672.65 m55     7.29
2    2677.39 s70    10.23
2    2691.01 s60     8.94
2    2712.32 s50     9.83
2    2748.66 m32     8.42
2    2749.91 s50     9.77
2    2750.48 m180     7.16
2    2755.93 s20    11.08
2    2756.76 s20     9.83
2    2765.49 s20    10.86
2    2776.28 m24     8.78
2    2788.24 s20    11.03
2    2795.59 s60     9.77
2    2803.32 s20    11.08
2    2803.43 s60     9.83
2    2807.22 s15    11.03
2    2808.52 s15     9.67
2    2816.91 s50    10.23
2    2818.75 s90     8.99
2    2830.98 m26     8.17
2    2842.96 s50     9.69
2    2847.17 m32     7.71
2    2851.12 m50     7.66
2    2859.81 m60     6.99
2    2867.07 m28     8.07
1    2873.50 m6     0.00
2    2875.86 s30    10.97
2    2891.39 m500     4.29
2    2898.31 s50    10.28
2    2906.31 s50     9.67
2    2914.22 m24     8.69
2    2919.35 m40     8.17
2    2928.97 s20    10.23
1    2934.35 m5     0.00
2    2945.90 m20     8.52
2    2946.76 s30     9.77
2    2964.75 m18     7.93
2    2970.56 m280     4.17
2    2983.98 m28     7.90
2    2994.81 m24     7.92
2    2998.00 s60     8.99
2    3002.61 m3     9.29
2    3005.76 m44     8.05
2    3009.39 m14     8.08
2    3010.62 m9     8.13
2    3017.56 m22     8.44
2    3026.67 m22     8.19
2    3029.54 e20     8.96
2    3031.11 m130     4.09
2    3042.65 m11     8.23
2    3065.04 m16     7.61
2    3089.10 m14     7.58
2    3092.50 s80     8.99
2    3093.87 m10     7.93
1    3100.71 m4     0.00
2    3107.76 m8     8.25
2    3107.89 m24     8.95
2    3115.34 m12     7.99
2    3117.80 m26     7.29
2    3126.06 s80     8.94
2    3136.76 m7     8.05
2    3138.58 s40     8.94
2    3140.93 m32     7.51
2    3141.73 m11     8.23
2    3145.06 m11     8.25
2    3145.54 m4     0.00
2    3151.44 s15     9.77
2    3153.87 m13     0.00
1    3162.31 m4     0.00
2    3163.80 m10     8.07
2    3165.21 m7     8.36
2    3169.05 m17     8.01
2    3180.92 m17     8.05
2    3191.35 s80    10.28
2    3192.88 m55     7.66
2    3198.65 m10     7.84
2    3201.16 m34     7.79
2    3217.18 m11     7.94
2    3218.32 m7     8.19
2    3225.89 m7     7.59
2    3228.57 s70    10.23
1    3239.60 m5     0.00
2    3254.20 e3     0.00
2    3259.10 e5     0.00
2    3261.51 m18     7.59
2    3275.80 e2     0.00
2    3289.37 m2600     3.77
2    3304.56 e4     0.00
2    3304.77 e4     0.00
1    3305.27 m18     0.00
2    3305.74 m20     7.66
2    3306.78 e4     0.00
2    3319.18 e5     0.00
1    3319.43 m11     0.00
2    3325.52 s40     8.99
2    3333.07 m7     7.88
2    3337.18 m34     0.00
2    3343.07 e4     0.00
2    3347.54 m7     8.05
2    3362.43 m14     0.00
2    3363.64 m7     0.00
2    3365.97 e8     0.00
2    3375.48 m34     6.99
2    3379.79 e7     0.00
2    3384.01 s50    10.28
1    3387.51 m20     0.00
2    3391.10 m7     8.25
2    3396.33 e4     0.00
2    3397.67 s13    10.23
2    3404.10 m5     8.08
1    3412.45 m7     0.00
1    3418.40 m20     0.00
1    3426.06 m50     0.00
2    3428.47 m11     7.92
1    3431.14 m34     0.00
2    3434.61 m6     0.00
2    3436.45 e7     0.00
2    3438.73 m11     7.88
2    3438.83 m14     7.57
2    3446.89 m5     7.61
1    3452.41 m12     0.00
2    3454.07 m70     6.90
2    3456.18 s10     9.83
2    3458.28 m26     8.54
1    3460.27 m50     0.00
2    3463.51 s15     8.99
1    3464.37 m340     3.58
2    3469.96 s15    10.23
2    3474.82 e4     0.00
2    3476.31 m70     3.57
2    3478.84 m70     7.31
2    3485.76 m12     7.57
2    3488.79 e7     0.00
2    3495.92 m14     0.00
2    3507.84 m12     8.13
1    3517.02 m7     5.97
2    3520.29 m32     7.31
2    3549.82 m14     7.59
3    3550.87 s35     9.69
2    3552.32 e10     0.00
1    3559.00 m5     0.00
2    3560.33 m28     6.14
2    3560.71 m24     7.80
2    3563.94 m7     7.39
2    3567.13 e5     0.00
2    3570.57 m12     7.57
2    3572.50 m7     0.00
2    3585.47 m50     6.11
2    3600.74 e3     0.00
2    3606.47 m13     7.59
2    3610.23 m5     7.35
2    3611.31 m7     8.08
2    3613.89 e20     9.67
2    3619.82 m20     6.99
2    3620.99 e4     0.00
2    3637.76 m24     6.06
2    3644.24 e4     0.00
1    3648.13 m7     0.00
1    3655.73 m9     5.62
2    3669.71 m24     6.73
2    3670.69 m5     8.13
2    3675.07 m14     7.16
2    3690.56 m5     7.67
2    3694.20 m3200     3.35
1    3700.57 m7     0.00
2    3708.66 e6     0.00
2    3710.33 m5     6.90
2    3722.30 e6     0.00
2    3724.21 m6     7.29
1    3734.70 m18     5.55
2    3749.69 e4     0.00
2    3762.55 e4     0.00
1    3770.10 m55     5.43
2    3773.43 e6     0.00
1    3774.32 m8     0.00
2    3782.54 e7     0.00
1    3791.74 m6     0.00
2    3807.55 e15     0.00
1    3839.92 m10     0.00
2    3863.45 e8     0.00
1    3872.85 m20     5.43
1    3900.86 m20     5.61
2    3904.82 m3     7.94
1    3911.28 m8     0.00
2    3938.25 e5     0.00
2    3938.53 e4     0.00
3    3985.57 s20     8.94
1    3989.99 m1900     3.10
1    3990.89 m55     5.55
2    4028.15 s10     9.69
2    4040.08 e10     0.00
1    4052.28 m4     0.00
2    4056.14 e20     0.00
2    4077.28 m5     7.79
1    4089.69 m26     0.00
2    4097.88 e6     0.00
2    4109.65 e4     0.00
2    4113.05 e4     0.00
2    4119.46 e15     0.00
2    4122.85 e5     0.00
2    4135.11 m4     7.31
1    4149.07 m28     5.43
1    4170.11 e20     0.00
1    4174.57 m7     0.00
2    4180.83 m20     6.73
2    4190.30 e20     0.00
2    4213.64 e30     8.94
2    4218.56 m9     7.59
2    4227.95 e7     0.00
2    4230.18 e4     0.00
1    4231.99 m7     0.00
2    4234.55 e8     0.00
2    4252.51 e30     0.00
2    4254.78 e8     0.00
2    4255.76 e20     0.00
2    4257.64 e20     0.00
1    4277.73 m4     0.00
1    4305.96 m7     0.00
2    4316.95 m4     6.66
2    4322.23 e20     0.00
2    4339.08 e10     0.00
2    4380.81 e20     0.00
1    4439.22 m26     4.93
1    4482.44 m5     5.83
2    4515.15 m5     6.06
2    4553.59 m2     6.51
1    4564.00 m5     5.16
1    4576.21 m38     4.94
1    4582.37 m12     4.93
1    4589.22 m4     5.83
1    4590.84 m8     0.00
2    4598.36 m2     6.66
2    4726.08 m11     5.94
2    4752.91 e4     0.00
1    4781.89 m10     0.00
2    4786.60 m10     6.51
1    4816.40 m2     0.00
2    4820.25 m2     6.14
2    4836.96 m2     6.66
2    4837.05 e10     0.00
2    4851.15 m1     5.57
2    4894.98 e4     0.00
1    4935.51 m42     4.95
2    4937.23 m6     0.00
2    4944.08 e6     0.00
1    4966.91 m8     4.94
2    5009.52 m1     6.56
2    5021.13 e4     0.00
2    5067.30 e8     0.00
1    5069.15 m4     0.00
1    5074.33 m13     5.52
1    5076.75 m3     5.55
2    5104.43 e4     0.00
2    5135.99 m1     6.51
2    5147.02 m0     7.16
1    5184.15 m1     6.56
2    5196.09 m3     0.00
1    5200.54 e5     0.00
2    5211.59 m5     5.51
2    5240.52 m2     6.11
1    5244.11 m6     5.43
2    5257.51 m2     6.62
1    5277.08 m9     5.38
2    5279.54 m2     6.66
2    5300.95 m1     6.99
2    5335.15 m10     6.11
2    5345.68 m1     6.66
2    5345.85 e9     7.39
2    5347.22 m3     6.66
1    5351.33 m1     5.38
2    5352.96 m9     6.06
2    5358.65 m1     6.66
1    5363.66 m1     0.00
2    5368.28 e4     0.00
2    5389.87 m1     6.56
2    5399.71 e5     0.00
2    5426.87 e9     0.00
2    5432.73 m0     8.19
2    5449.29 m2     6.62
2    5471.17 e4     0.00
2    5478.52 m0     7.23
1    5481.94 m3     5.29
2    5505.49 m2     5.29
1    5539.08 m5     0.00
2    5547.16 e5     0.00
1    5556.48 m140     2.23
1    5568.11 m1     0.00
2    5580.79 e7     0.00
2    5588.47 m2     6.66
2    5620.19 e7     0.00
2    5637.81 e6     0.00
2    5652.00 m3     5.94
2    5686.53 m0     0.00
2    5693.69 e4     0.00
2    5713.73 e5     0.00
1    5720.01 m13     5.59
2    5730.02 e15     0.00
1    5803.44 m0     0.00
2    5819.43 m0     7.91
2    5834.00 m2     0.00
2    5837.15 m2     6.14
2    5882.80 e6     0.00
2    5897.23 m0     8.17
2    5898.77 e8     0.00
2    5908.38 m1     6.06
2    5935.05 e10     0.00
2    5947.26 e5     0.00
2    5987.91 e5     0.00
1    5989.33 m1     0.00
2    5991.50 m2     6.51
2    6007.41 e10     0.00
2    6020.55 e4     0.00
2    6021.92 e4     0.00
2    6024.08 e4     0.00
2    6040.77 e5     0.00
2    6052.90 m0     6.14
2    6056.46 e5     0.00
1    6059.22 e60     0.00
2    6082.37 e5     0.00
2    6146.91 e4     0.00
2    6152.57 m3     6.11
2    6190.78 e10     0.00
2    6208.10 e5     0.00
2    6223.63 e5     0.00
2    6246.98 m1     6.14
2    6260.80 e15     0.00
2    6274.79 m3     5.94
2    6297.35 e4     0.00
2    6303.27 e4     0.00
2    6308.15 m0     6.06
2    6324.77 e4     0.00
2    6328.52 e20     0.00
2    6345.74 e4     0.00
2    6355.40 e10     0.00
2    6377.01 e4     0.00
2    6378.33 e15     0.00
1    6400.39 m2     5.37
1    6417.97 m2     5.36
2    6427.60 e4     0.00
2    6423.73 m1     5.94
2    6440.79 e4     0.00
2    6463.13 m1     0.00
2    6474.74 e15     0.00
1    6489.12 m20     4.06
2    6492.74 e7     0.00
2    6503.01 e5     0.00
2    6541.38 e4     0.00
2    6571.44 e4     0.00
2    6585.41 e10     0.00
2    6617.06 e10     0.00
1    6643.55 m1     5.31
1    6667.85 m14     4.97
1    6678.17 m1     5.29
2    6699.36 e10     0.00
2    6727.63 m2     5.94
2    6745.23 e6     0.00
1    6768.70 m2     4.94
1    6799.61 m55     4.06
2    6802.47 e4     0.00
2    6934.05 m1     5.94
2    6999.87 m2     0.00
2    7043.78 m1     7.67
2    7342.30 e4     0.00
1    7350.04 m1     0.00
2    7377.73 e4     0.00
1    7448.28 m2     4.73
1    7527.56 m3     4.77
1    7699.49 m75     4.06
1    7758.03 e5     0.00
1    7895.12 m0     4.64
1    8053.41 e5     0.00
2    8607.49 e4     0.00
2    8922.61 m7     6.90
1    9304.44 e10     0.00
2    9349.27 e3     0.00
2    9760.37 e10     0.00
1    9799.88 e4     0.00
2   10110.60 e20     0.00
1   10321.68 e5     0.00
1   10770.10 e20     0.00
