1 2123.36 c2     5.85
1 2129.66 c2     5.82
1 2134.73 c5     5.82
1 2145.56 c10    5.78
1 2150.70 c30    5.78
1 2160.38 c10    9.76
1 2164.58  0     5.73
1 2164.92 c5     9.75
1 2168.83 h8     5.71
1 2169.84  0     5.73
1 2174.07 h8     5.71
1 2177.40 c20    9.30
1 2181.00 c30    9.30
1 2199.18  0     5.64
1 2204.62 h10    5.62
1 2210.06 h12    5.62
1 2210.13  0     5.62
1 2258.01 h8     5.49
1 2263.46 h60    5.48
1 2263.74 h4     5.49
1 2266.01 c10    9.49
1 2269.10 m53    5.48
1 2269.22 h15    5.48
1 2311.04 c20    8.96
1 2312.49 c30    8.96
1 2313.53 c60    8.96
1 2314.98 c20    8.96
1 2317.48 c100   8.95
1 2319.06 c30    8.96
1 2321.56 c300   8.95
1 2367.05 m45    5.24
1 2367.61 c200   8.83
1 2368.11 c200   8.83
1 2369.30 c500   8.83
1 2370.23 c300   8.83
1 2370.73 c60    8.83
1 2372.07 a3     5.22
1 2373.12 m90    5.24
1 2373.35 m16    5.24
1 2373.57 c200   8.83
1 2374.50 c20    8.83
1 2378.40 m4     5.22
1 2513.31 c30    9.67
1 2519.22 c20    9.75
1 2519.52 c2     9.75
1 2567.98 m24    4.83
1 2575.10 m48    4.83
1 2575.40 m4     4.83
1 2652.43 m15    4.67
1 2657.41 c10    9.49
1 2660.39 m20    4.67
2 2669.17 c500   4.64
1 2740.98 c20    9.76
1 2748.07 c10    9.75
1 2837.86 c5     8.39
1 2837.96 c100   8.39
1 2840.10 c100   8.39
1 2840.21 c5     8.38
1 2894.23 c10    9.76
1 2902.26 c5     9.75
1 2913.27 c10    9.49
1 3050.08 c500   7.67
1 3054.68 c30    7.65
1 3057.14 c1000  7.67
1 3059.03 c20    7.65
1 3059.92 c20    7.65
1 3064.29 c100   7.65
1 3066.15 c30    7.65
1 3082.15 m320   4.02
1 3092.71 m650   4.02
1 3092.84 c5000  4.02
1 3439.35 c60    3.60
1 3443.64 c300   3.61
1 3444.87 c60    3.60
1 3452.66 c5     3.60
1 3458.22 c60    3.60
1 3479.81 c30    8.39
1 3482.63 c30    8.38
1 3932.00 c30    8.39
1 3935.68 c20    8.38
1 3944.01 m450   3.14
1 3961.52 m900   3.14
1 5107.52 c400   5.57
1 5107.94 c60    5.57
2 5280.21 c60   17.93
2 5283.77 c200  17.93
2 5285.85 c60   17.95
2 5312.32 c30   17.92
2 5316.07 c100  17.92
2 5371.84 c60   17.37
1 5557.06 c500   5.37
1 5557.95 c200   5.37
2 5593.23 c500  15.47
1 5601.00 m1    10.00
1 6231.76 m77   21.00
1 6243.36 m77   21.00
1 6696.02 c650   4.99
1 6698.67 c500   4.99
1 7993.05 c30    5.64
1 8003.19 c100   5.64
1 8065.97 c60    5.62
1 8075.35 c200   5.62
1 8076.29 c5     5.62
2 8354.35 c500  16.54
1 8772.87 c650   5.43
1 8773.90 c700   5.43
1 8828.91 c200   5.49
1 8841.28 c500   5.49
1 8912.90 c100   5.48
1 8923.56 c300   5.48
1 8925.50 c20    5.48
1 9089.91 c30    8.38
1 9139.95 c60    8.39
1 9163.26 c5     8.38
