3 2001.08 s3    15.68
3 2005.55 s1    15.78
3 2010.60 s2    15.64
2 2011.50 a2     6.16
3 2011.61 s7    15.78
3 2012.73 s1    15.78
3 2013.88 s7    15.75
1 2014.58 a1     0.00
3 2015.82 s1    15.73
3 2019.41 s1     0.00
3 2020.13 s2    13.02
2 2022.34 a7     6.24
3 2024.47 s1    15.68
2 2027.02 a7     6.31
3 2028.58 s2    13.02
3 2031.80 s3    15.59
3 2039.17 s2    15.59
3 2047.37 s1    16.44
3 2053.11 s7    16.24
3 2056.21 s3    16.30
2 2065.55 a17    6.12
1 2097.51 a1     0.00
1 2104.73 a1     0.00
1 2106.80 a1     6.51
2 2111.46 a17    5.87
2 2173.33 a20    6.12
1 2174.61 m44    5.70
1 2178.59 a1     0.00
2 2181.72 a3     6.24
2 2190.69 a25    7.89
2 2192.51 a17    7.86
2 2193.61 a33    7.85
2 2200.42 a8     6.25
2 2202.93 a33    5.63
2 2206.21 a25    7.85
2 2207.93 a17    7.89
2 2232.08 a17    6.12
2 2245.13 m30    6.02
2 2273.73 a33    0.00
1 2276.53 m36    0.00
1 2284.85 m10    5.52
2 2286.16 m160   5.84
2 2307.86 m130   5.87
2 2311.60 m78    5.92
2 2314.05 m74    5.97
2 2314.98 m60    6.00
2 2324.32 m33    7.60
1 2325.55 m25    5.84
2 2326.48 m33    5.74
1 2353.43 m87    5.35
1 2358.18 m22    5.48
2 2363.79 m78    5.74
1 2373.39 m6     0.00
2 2378.62 m84    5.62
1 2380.49 m62    5.32
2 2383.45 m76    5.70
2 2386.37 m42    5.76
2 2388.92 m130   5.60
1 2396.77 a2     0.00
2 2397.39 m25    6.38
1 2400.56 a1     6.21
1 2400.84 m2     5.74
1 2401.11 a1     0.00
1 2401.60 a1     5.38
1 2402.17 a1     5.39
2 2404.17 m17    5.80
1 2406.27 m5     5.66
1 2407.25 m240   5.15
2 2408.75 m13    5.76
1 2409.13 a1     5.72
1 2410.51 m10    6.88
1 2411.62 m220   5.24
1 2414.46 m210   5.32
1 2415.30 m210   5.35
2 2417.65 m39    5.62
1 2419.12 m28    0.00
2 2420.73 m5     0.00
1 2422.56 m8     6.82
1 2424.93 m170   5.11
1 2429.23 m5     5.21
1 2432.21 m160   5.20
2 2432.52 a10    0.00
1 2436.66 m120   5.26
1 2439.05 m100   5.30
2 2450.00 m4     6.38
1 2456.24 m10    5.48
1 2460.21 m1     6.92
1 2460.81 m20    5.26
1 2462.12 m2     6.74
2 2464.20 m3     6.24
2 2467.06 a12    0.00
1 2467.69 m12    5.20
1 2476.64 m20    5.43
2 2485.36 m1     6.20
1 2493.93 m3     6.02
2 2498.83 a12    0.00
2 2506.46 m24    6.16
1 2507.68 m12    5.52
1 2511.02 m90    5.36
2 2519.82 m12    6.24
1 2521.36 m180   4.91
2 2524.97 m12    6.31
2 2528.62 m48    6.12
1 2528.97 m120   5.00
1 2530.13 m30    5.48
1 2532.18 m36    5.52
2 2533.84 a25    7.92
2 2541.94 m8     6.20
1 2544.25 m90    5.09
1 2548.34 m18    5.78
1 2553.00 m12    5.43
1 2556.76 m10    5.36
2 2559.41 m12    6.24
1 2561.28 a1     0.00
2 2564.04 m16    6.16
1 2567.35 m60    5.00
1 2572.24 m5     5.40
1 2573.40 m3     5.40
1 2573.54 m4     5.33
1 2578.93 a1     5.86
2 2580.33 m40    6.02
1 2580.84 m6     5.38
2 2582.24 m16    6.20
1 2585.34 m6     5.84
2 2587.22 m16    6.12
1 2590.59 m8     5.70
2 2605.72 a20    7.74
1 2606.12 m5     5.38
1 2610.76 m2     5.26
1 2613.49 m5     0.00
1 2614.13 m4     4.91
2 2614.36 m8     6.94
1 2616.26 m6     5.79
1 2617.86 m4     5.36
1 2619.28 a1     5.36
1 2622.43 m5     5.31
1 2623.76 a1     5.77
1 2627.64 m14    5.16
1 2629.97 a1     6.60
2 2632.24 m7     6.94
1 2648.64 m40    5.11
1 2649.94 m4     5.72
1 2650.27 m5     5.30
2 2663.53 m8     5.87
2 2669.91 a4    10.61
1 2673.93 a1     6.71
1 2679.76 m6     5.67
1 2680.11 a1     6.58
2 2684.50 a10   10.48
1 2685.34 m9     5.20
1 2694.40 a1     6.34
2 2694.68 m3     5.92
1 2695.85 m10    5.11
2 2697.04 a4     6.00
1 2705.85 m3     6.29
2 2706.74 a10   10.41
2 2707.50 a10   10.60
1 2708.82 a1     6.61
2 2714.42 a5     5.94
1 2715.99 m10    6.60
1 2719.58 a1     5.48
1 2722.11 a1     6.60
1 2731.12 m7     6.58
1 2740.46 m12    5.44
1 2745.10 m10    6.60
1 2746.03 a1     5.43
1 2752.07 a1     6.54
1 2758.54 a1     6.44
1 2761.37 m5     5.00
1 2764.19 m10    4.91
1 2766.22 m7     6.61
1 2766.39 a1     5.06
1 2768.69 a1     5.52
1 2772.70 a1     6.51
1 2774.96 a1     5.09
2 2775.18 a7    10.77
1 2775.58 a1     6.54
1 2778.82 m7     6.34
1 2785.90 a2     6.48
1 2790.28 a1     0.00
1 2791.01 a1     6.44
1 2792.44 a1     5.36
1 2796.23 m2     5.06
1 2797.08 m3     5.48
1 2803.77 m5     5.00
2 2810.86 a2     5.62
1 2811.13 a2     6.54
1 2811.52 a2     6.29
3 2811.75 s1    13.20
1 2814.98 a1     4.50
1 2815.56 m8     4.91
1 2818.60 a1     4.57
1 2820.01 m1     4.40
1 2821.75 a2     0.00
1 2825.15 a2     6.34
2 2825.24 a3     5.60
1 2826.80 a1     6.34
1 2833.92 a1     4.47
1 2834.43 a1     5.00
2 2834.94 a1     5.70
1 2837.15 m4     6.44
1 2842.38 a1     6.31
2 2845.63 a1     5.76
2 2848.37 a1    10.60
1 2850.04 m3     5.40
1 2850.95 a1     4.57
1 2859.66 a2     4.91
1 2862.61 m4     4.50
2 2870.03 a1    10.70
1 2879.62 a1     6.34
2 2880.29 a1    10.77
1 2882.22 a1     6.58
1 2886.45 m10    4.39
1 2892.25 a1     0.00
1 2895.49 a1     5.20
1 2899.82 m3     6.31
1 2903.20 m1     6.31
1 2919.55 a1     5.84
1 2927.67 m5     6.31
1 2928.81 m1     4.23
1 2929.51 m5     6.27
2 2930.43 a3    10.70
2 2943.15 a10   10.60
1 2943.48 a1     6.28
1 2954.74 a1     6.27
1 2955.39 a1     0.00
1 2957.68 m1     6.27
1 2978.01 a1     6.04
1 2987.16 m36    4.15
1 2989.59 m36    4.15
3 2991.89 s1    13.25
1 2995.15 m1     6.27
1 3000.55 m6     4.23
1 3005.76 a1     6.00
3 3010.92 s1    13.20
1 3013.60 m17    4.12
1 3015.68 a1     5.99
1 3017.26 a1     5.98
1 3017.55 m36    4.21
1 3022.36 a1     5.81
1 3026.37 m6     5.97
1 3034.43 m3     4.26
1 3038.31 a1     5.00
1 3039.57 a1     5.78
1 3042.48 m11    4.18
1 3044.01 m160   4.07
1 3048.11 a1     6.02
1 3048.89 m22    4.24
1 3050.50 a1     6.01
1 3050.93 a2     5.77
1 3054.72 a2     4.23
1 3060.05 m6     6.00
1 3061.82 m90    4.15
1 3062.20 m2     4.15
1 3064.37 m3     4.15
1 3071.96 a2     4.26
1 3072.34 m48    4.21
1 3072.66 a1     6.32
1 3073.52 a1     5.77
1 3079.40 a2     5.73
1 3082.62 m34    4.02
1 3082.84 a1     5.90
1 3086.40 a2     5.72
1 3086.78 m42    4.24
1 3087.81 a1     6.02
1 3089.60 m17    4.13
1 3090.25 a2     6.01
1 3095.72 a1     5.74
1 3096.41 a1     5.78
1 3096.70 a1     6.04
1 3098.20 m14    4.18
1 3099.67 a1     5.95
1 3102.41 a2     5.73
1 3103.74 a1     5.87
1 3103.98 a2     5.70
1 3105.92 a1     4.50
1 3107.04 a1     5.70
1 3107.54 a1     6.32
1 3109.51 a2     5.72
1 3110.02 a2     6.02
1 3110.83 a2     4.21
1 3111.34 a1     5.93
1 3113.48 a2     5.69
1 3118.25 a2     4.15
1 3121.42 m17    3.97
1 3121.57 m6     4.07
1 3126.49 a1     6.04
1 3126.73 a1     6.00
1 3127.25 a3     4.40
1 3129.00 a1     4.47
1 3129.48 a1     5.84
1 3132.22 a1     4.06
1 3136.73 a2     3.95
1 3137.33 m22    4.18
1 3137.45 a1     5.99
1 3137.75 a1     5.73
1 3139.94 m17    4.05
1 3140.72 a1     5.95
1 3145.02 a1     5.72
1 3147.06 m26    4.12
1 3149.31 a3     4.11
1 3152.71 m6     5.93
1 3154.68 m26    5.97
1 3154.79 m26    5.81
1 3158.78 m22    4.03
1 3159.67 a4     4.50
1 3161.65 a2     5.87
1 3168.06 a3     5.99
1 3169.77 a4     5.98
1 3174.14 a1     6.61
1 3174.91 a2     5.78
1 3177.27 m8     0.00
1 3182.12 a2     5.90
1 3185.95 a1     5.77
1 3186.35 a2     4.07
1 3188.37 m8     5.84
1 3189.76 a2     4.11
1 3191.30 a2     4.06
1 3192.22 a1     5.83
1 3193.16 a2     4.40
1 3198.66 a2     4.50
1 3199.32 a2     4.05
1 3203.03 a2     3.97
1 3210.23 a2     5.90
1 3219.15 m6     3.95
1 3224.64 a2     5.72
1 3226.99 a2     6.16
3 3232.11 s1    13.44
1 3232.87 m8     5.87
1 3235.54 a2     5.78
1 3237.03 a3     3.93
1 3243.84 m14    5.70
1 3247.00 a2     5.77
1 3247.18 m16    5.70
1 3250.00 a2     4.40
1 3254.21 m24    5.69
1 3258.03 a2     5.51
3 3259.68 s1    13.39
1 3260.82 m16    5.84
1 3263.21 a1     6.07
1 3264.84 a2     5.83
1 3265.35 a1     5.87
1 3271.78 m8     5.74
1 3276.48 a1     6.74
1 3277.32 a1     5.66
1 3278.84 a2     5.78
1 3279.26 a2     5.73
1 3283.46 m32    5.85
1 3283.78 a1     5.51
1 3287.19 m5     5.72
1 3293.86 a1     5.84
1 3298.68 a2     5.76
1 3303.88 a2     5.53
1 3305.73 a1     6.85
1 3307.15 m8     5.70
1 3308.49 a2     6.81
1 3308.81 a2     6.81
1 3312.15 a3     5.69
1 3312.83 a1     6.67
1 3314.08 m12    6.62
1 3318.40 a2     5.44
1 3319.16 a2     6.75
1 3319.48 m15    6.66
1 3319.83 a1     6.66
1 3321.91 a1     5.81
1 3322.20 m15    6.61
1 3325.24 m12    5.73
1 3326.56 a1     5.43
1 3326.99 m22    6.65
1 3328.21 a1     6.83
1 3329.03 a1     6.74
1 3329.47 a2     6.74
1 3333.39 a4     4.23
1 3334.14 m44    4.15
1 3337.17 a3     4.15
1 3339.78 m12    6.67
1 3341.34 a2     6.59
1 3341.95 a2     5.66
1 3342.73 m10    5.78
1 3346.94 m12    6.66
1 3348.11 m7     5.74
1 3351.54 a1     6.76
1 3354.21 a1     6.65
1 3354.38 m38    4.21
1 3356.47 a2     5.77
1 3356.84 a1     6.76
1 3359.09 a1     5.69
1 3359.29 a2     5.40
1 3361.56 m7     6.74
1 3362.80 m7     6.74
1 3363.27 a1     6.74
1 3363.76 a1     6.82
1 3364.26 a1     5.73
1 3367.11 m36    4.12
1 3370.33 m7     4.26
2 3370.94 a10    5.94
1 3373.23 m7     5.95
1 3373.97 a1     5.38
1 3374.30 a2     6.81
1 3377.06 a2     5.38
1 3378.36 a1     6.80
1 3378.74 a2     5.94
1 3381.50 a1     5.70
1 3383.92 a1     6.85
1 3385.22 m60    4.18
2 3387.72 a20    5.93
1 3388.17 m70    4.24
1 3390.40 a2     5.69
1 3395.38 m140   4.23
1 3398.81 a1     6.78
1 3401.91 a1     6.88
1 3402.06 a1     5.97
1 3405.12 m700   4.07
1 3405.82 a2     0.00
1 3409.18 m280   4.15
1 3412.34 m420   4.15
1 3412.63 m140   3.63
1 3414.74 m32    4.26
1 3415.53 a2     3.62
2 3415.78 a25    5.83
1 3417.16 m170   4.21
1 3417.67 a2     5.95
1 3417.80 a2     4.06
1 3420.47 a2     5.36
1 3420.79 a2     5.70
1 3421.63 a1     5.66
1 3422.90 a1     5.36
2 3423.85 a25    5.89
1 3424.51 m14    5.70
1 3428.23 m5     6.67
1 3429.68 a1     6.89
1 3431.58 m160   3.71
1 3432.32 a1     5.69
1 3433.04 m280   4.24
1 3437.69 a2     6.86
1 3438.71 a1     5.64
1 3438.91 m5     6.88
1 3442.93 m100   3.78
1 3443.20 a2     0.00
1 3443.64 m550   4.12
1 3446.09 m7     6.81
2 3446.39 a30    5.83
1 3448.36 a1     5.33
1 3449.17 m260   4.18
1 3449.44 m130   4.03
1 3453.51 m1300  4.02
1 3455.23 m65    3.82
1 3456.93 m7     3.68
1 3458.03 a1     5.66
1 3460.72 a1     4.50
1 3461.18 m19    6.75
1 3462.80 m320   4.21
1 3465.80 m320   3.57
1 3468.97 a1     6.85
1 3471.38 m6     6.74
1 3474.02 m500   4.15
1 3474.53 a2     4.15
1 3476.36 a2     6.82
1 3477.84 a1     6.78
1 3478.56 m4     5.84
1 3478.74 a2     5.44
1 3480.01 a2     5.44
1 3483.41 m6     4.07
1 3485.37 m24    6.67
1 3485.70 a1     5.51
1 3487.71 a3     5.43
1 3489.40 m300   4.48
1 3490.74 m6     4.07
1 3491.32 m30    3.78
1 3495.69 m150   4.18
1 3496.68 m30    4.06
1 3496.79 a2     6.66
2 3501.73 a70    5.74
1 3502.28 m600   3.97
1 3502.62 m36    3.72
1 3504.73 a2     6.08
1 3506.32 m440   4.05
1 3509.84 m180   4.12
1 3510.43 m90    3.63
1 3512.64 m300   4.11
1 3513.48 m240   3.62
1 3518.35 m300   4.57
1 3520.08 m20    3.62
1 3521.57 m170   3.95
1 3521.73 a2     4.15
1 3522.86 a1     6.73
1 3523.43 m240   4.15
1 3526.85 m400   3.51
1 3527.95 a2     6.05
1 3529.03 m170   3.68
1 3529.81 m460   4.03
1 3533.36 m120   3.73
1 3534.77 a1     5.79
1 3543.26 m17    5.38
1 3546.71 a2     5.20
1 3548.44 m6     5.20
1 3550.60 m34    3.66
1 3552.72 a3     3.72
1 3552.99 m6     5.44
1 3558.78 m6     4.07
1 3560.31 a2     5.36
1 3560.89 m70    4.11
1 3564.95 m55    4.06
1 3569.38 m550   4.40
1 3570.35 a1     6.34
1 3574.96 m100   4.05
1 3575.36 m160   3.56
1 3578.08 m3     5.74
1 3578.90 m3     5.20
1 3579.03 a2     5.20
1 3581.87 a1     5.79
1 3584.80 a5     3.64
1 3585.16 m65    3.97
1 3585.81 a1     5.54
1 3586.08 a1     5.59
1 3587.19 m420   4.50
1 3591.75 a1     5.99
1 3594.87 m120   3.62
1 3596.51 a2     5.73
1 3600.80 a1     5.40
1 3602.08 m100   3.66
1 3605.36 m50    3.95
1 3609.75 a1     6.31
1 3611.70 m11    5.75
1 3615.39 m4     5.38
1 3618.01 a1     4.47
1 3620.42 m2     5.70
2 3621.18 a3     5.62
1 3624.34 m2     5.20
1 3624.96 m4     4.05
1 3627.81 m55    3.93
1 3631.39 m8     3.51
1 3631.95 a1     5.95
1 3632.84 m7     6.29
1 3634.71 m8     6.29
1 3636.72 m4     5.36
1 3637.32 a2     5.73
1 3639.44 m11    5.36
1 3641.79 m7     5.44
1 3643.18 m8     5.44
1 3645.20 a2     5.35
1 3645.44 a1     5.48
1 3647.09 a2     5.72
1 3647.66 m6     3.62
1 3648.15 a1     6.27
1 3649.35 m10    6.26
1 3651.26 a2     5.43
1 3652.54 m8     3.56
1 3654.45 m3     5.34
1 3656.97 m3     3.97
1 3662.16 m15    5.66
1 3670.06 a1     5.38
1 3676.55 m14    6.24
1 3683.05 m20    5.44
1 3684.48 m4     5.44
1 3690.72 m3     5.40
1 3693.11 m12    5.43
1 3693.48 m12    5.39
1 3702.24 m15    6.22
1 3704.06 m36    4.40
1 3707.47 m3     5.38
1 3708.82 m12    5.38
1 3711.65 a1     5.34
1 3712.18 m2     5.38
1 3726.66 m1     5.03
1 3730.49 m15    5.20
1 3732.40 m20    5.20
1 3733.49 m10    5.40
1 3734.14 m5     5.36
1 3735.93 m8     5.39
1 3740.20 a2     5.35
1 3745.50 m12    4.23
1 3749.94 m6     5.34
1 3751.63 m2     5.38
1 3754.35 m2     5.84
1 3755.45 m6     5.38
1 3759.69 a1     5.83
1 3760.39 m1     5.03
1 3774.61 m3     5.36
1 3777.54 m1     5.36
1 3805.77 a1     5.54
1 3808.11 m3     3.68
1 3811.07 a2     4.18
1 3812.47 a2     5.03
1 3813.93 a1     6.82
1 3814.46 m3     5.20
1 3816.33 m6     5.20
1 3816.47 m5     5.20
1 3816.87 a2     5.38
1 3817.94 a2     5.78
1 3819.91 a1     5.78
1 3841.46 m2     4.15
1 3842.05 m60    4.15
1 3843.69 a1     5.36
1 3845.47 m300   4.15
1 3850.95 a2     3.73
1 3856.80 a2     5.09
1 3861.17 m28    4.26
1 3863.61 a1     5.83
1 3870.53 a1     5.74
1 3873.12 m240   3.63
1 3873.96 m120   3.71
1 3876.84 m12    5.20
1 3878.74 a2     5.20
1 3881.87 m34    3.78
1 3884.62 m5     4.24
1 3892.13 m1     5.72
1 3894.08 m340   4.23
1 3894.98 m24    3.82
1 3898.49 m1     5.06
1 3906.29 m6     3.68
1 3909.93 m7     3.17
1 3917.11 m6     5.44
1 3920.14 a1     5.70
1 3920.73 a2     5.20
1 3922.75 m3     4.21
1 3933.65 a2     0.00
1 3933.91 m1     3.73
1 3935.97 m65    4.07
1 3940.89 m7     3.78
1 3941.73 m11    3.57
1 3945.33 m9     4.07
1 3947.13 a1     5.09
1 3952.33 m2     3.56
1 3952.92 m16    4.06
1 3957.94 m9     3.71
1 3961.00 m2     5.75
1 3969.12 m4     5.66
1 3972.53 m3     6.64
1 3973.15 m4     5.00
1 3974.73 m4     3.63
1 3975.32 a1     5.40
1 3977.18 m1     5.44
1 3978.66 m6     3.62
1 3978.86 a1     6.80
1 3979.52 m5     3.21
1 3987.12 m2     3.62
1 3990.30 m3     5.06
1 3991.54 m3     6.74
1 3991.69 m3     3.68
1 3994.54 m2     3.73
1 3995.31 m260   4.03
1 3997.91 m42    4.15
1 4013.95 m3     5.09
1 4019.30 m1     3.66
1 4020.91 m15    3.51
1 4023.40 m1     5.03
1 4027.04 m3     3.25
1 4035.55 m4     6.65
1 4045.39 m16    4.12
1 4052.92 m2     6.63
1 4056.98 a1     6.69
1 4057.20 m1     3.28
1 4058.19 m3     3.56
1 4058.60 m3     5.06
1 4068.54 m6     5.00
1 4076.13 a1     3.62
1 4077.41 a1     6.55
1 4082.60 a1     3.66
1 4086.31 m12    4.91
1 4088.30 a1     3.13
1 4090.35 a1     0.00
1 4092.39 m36    3.95
1 4092.85 a1     5.03
1 4104.43 a1     5.06
1 4104.75 m1     5.35
1 4110.54 m24    4.07
1 4118.77 m120   4.06
1 4121.32 m190   3.93
1 4132.16 a1     4.05
1 4139.45 a1     5.03
1 4158.43 m1     5.85
1 4187.25 m1     5.00
1 4190.72 m4     2.96
1 4234.00 m1     2.93
1 4252.31 m2     3.01
1 4285.79 m1     3.06
1 4339.63 m2     5.40
1 4371.13 m1     4.91
1 4373.63 m1     6.35
1 4374.92 a1     5.79
1 4380.07 a2     6.34
1 4391.57 m0     5.84
1 4402.67 a1     6.33
1 4404.93 a1     5.44
1 4417.40 m1     5.87
1 4421.34 m0     5.73
1 4431.61 m0     5.67
1 4445.72 m0     5.89
1 4466.89 m2     5.79
1 4469.56 m4     5.73
1 4471.55 m1     5.83
1 4477.24 a1     6.35
1 4478.32 m0     5.87
1 4483.59 a1     6.34
1 4483.93 m0     5.89
1 4484.52 a1     3.68
1 4486.71 a1     5.48
1 4494.76 m0     6.29
1 4514.19 a1     6.46
1 4517.11 m1     5.87
1 4519.29 a1     6.46
1 4527.93 a1     5.79
1 4530.96 m10    5.66
1 4533.99 m3     5.83
1 4540.79 a1     6.50
1 4543.81 m2     5.44
1 4545.24 a2     6.66
1 4549.66 m4     5.79
1 4552.44 a1     6.53
1 4553.33 a1     5.89
1 4561.94 a1     5.34
1 4564.17 a1     5.59
1 4565.59 m6     5.73
1 4566.61 a2     6.53
1 4570.03 m0     6.35
1 4574.94 a1     3.63
1 4579.36 a1     6.66
1 4580.14 m0     3.62
1 4581.60 m8     5.66
1 4588.70 a1     3.13
1 4594.63 m1     6.33
1 4596.91 m1     6.33
1 4614.01 a1     6.66
1 4620.82 a1     5.40
1 4622.70 a1     6.45
1 4623.04 m0     5.87
1 4625.78 m0     6.40
1 4628.94 a3     3.19
1 4629.38 m5     5.73
1 4644.32 a2     6.73
1 4654.85 a1     6.73
1 4657.39 a2     5.89
1 4663.41 m7     5.79
1 4682.38 m4     5.83
1 4685.86 a1     3.57
1 4693.21 m3     5.87
1 4698.38 m0     5.89
1 4699.19 a1     3.69
1 4718.48 a1     6.65
1 4727.94 m0     3.05
1 4734.83 m0     5.87
1 4737.77 a1     4.57
1 4746.11 a1     6.54
1 4749.68 m4     5.66
1 4754.36 m0     5.83
1 4756.73 a1     6.54
1 4767.14 a2     6.66
1 4768.08 m0     5.79
1 4771.11 m3     5.73
1 4776.32 m3     5.89
1 4778.26 a1     6.66
1 4780.01 m4     5.87
1 4781.43 a1     4.48
1 4785.07 a1     6.54
1 4792.86 m9     5.83
1 4795.85 a1     6.54
1 4796.37 a1     3.01
1 4813.48 m6     5.44
1 4813.98 a1     5.87
1 4840.27 m8     5.73
1 4843.46 m0     5.83
1 4867.88 m17    5.66
1 4899.52 m1     4.57
1 4904.17 a1     5.39
1 4928.28 a1     5.73
1 4953.19 a1     3.01
1 4966.59 a1     2.92
1 4971.96 a1     5.66
1 4979.93 a2     6.55
1 4988.04 a4     6.54
1 5077.41 a1     6.39
1 5087.86 a1     6.46
1 5094.95 a3     4.48
1 5108.89 m1     6.36
1 5113.23 a2     4.50
1 5122.77 m2     6.08
1 5124.77 a2     6.66
1 5125.69 m1     6.35
1 5126.20 m2     6.03
1 5133.45 m2     6.35
1 5145.51 a1     6.46
1 5146.74 m4     5.97
1 5149.79 a2     4.15
1 5154.05 m2     6.36
1 5156.34 m2     6.46
1 5158.43 a1     6.45
1 5158.84 a1     6.45
1 5165.16 a1     4.11
1 5176.08 m2     4.48
1 5183.61 a1     6.50
1 5192.35 a2     6.53
1 5210.06 a1     5.78
1 5210.84 a1     6.53
1 5211.82 a1     6.33
1 5212.71 m6     5.68

