2 2013.65  8     6.15
1 2039.30 a35    7.12
2 2055.59 m1900  6.03
2 2061.54 m1400  6.02
2 2065.46 m900   6.00
2 2129.89  10    8.36
2 2130.22  10    9.56
2 2132.62  8     8.35
2 2132.93  8     8.35
2 2133.49  20    8.35
2 2134.20  8     8.35
2 2134.52  20    8.35
2 2134.62  15    8.35
2 2135.34  10    8.35
2 2135.42  10    8.35
2 2243.62  10    9.26
2 2248.30  10    8.62
2 2248.56  8     8.62
2 2256.01  10    9.23
2 2257.76  9     9.22
2 2257.96  10    9.22
2 2258.09  8     9.22
2 2297.17  10    7.94
2 2314.71  8     7.90
2 2319.38  10    8.05
2 2345.35  5     8.00
1 2362.19 a15    6.28
1 2364.73 m8     5.25
1 2365.91 a125   5.25
1 2366.31 a50    6.21
1 2366.81 a100   5.24
2 2366.81  1     7.95
1 2337.86 a10    6.18
1 2368.46 a3     6.20
1 2370.37 a35    6.22
1 2372.88 a20    6.21
1 2373.69 a50    6.23
1 2375.41 a40    0.00
2 2381.48  10    7.91
1 2383.30 m13    6.23
1 2385.72 a7     6.23
1 2386.18 a10    6.18
1 2386.77 a7     6.18
1 2389.43 a10    6.15
1 2392.34 a10    6.15
1 2392.86 a25    6.15
2 2393.99  10    9.20
1 2395.77 a8     6.15
1 2396.36 a30    6.18
2 2397.75  8     8.27
1 2399.02 a20    6.15
1 2399.56 a20    6.15
1 2408.60 m9     6.18
1 2408.72 a35    6.15
2 2416.40  8     9.56
1 2474.08 a15    5.98
1 2479.14 a15    5.99
2 2483.74  8    10.91
2 2483.79  8     8.73
2 2489.28  10    8.72
1 2491.35 a20    5.94
1 2492.57 a30    5.95
2 2492.62  8     9.39
1 2495.08 a20    5.94
1 2496.30 m17    5.95
2 2498.80  8     8.73
1 2499.84 a15    5.95
1 2502.55 m11    5.96
1 2504.31 m19    5.96
1 2508.11 m5     5.93
1 2508.97 m6     5.93
1 2511.96 a15    7.94
1 2513.62 m4     5.94
2 2513.66  10   10.73
2 2515.06  11   10.74
2 2516.57  8     0.00
1 2516.92 m11    5.93
2 2518.29  20   10.75
1 2519.51 m40    5.95
2 2520.65  8     8.79
2 2523.24  30   10.77
1 2528.02 a15    5.91
1 2528.25 a10    5.91
2 2529.90  15   10.78
2 2530.20  30   10.75
1 2530.44 m4     5.93
2 2538.31  20   10.81
1 2541.36 a20    5.91
2 2548.58  8     8.73
1 2549.55 m16    5.83
2 2551.58  10    8.73
1 2553.06 m4     5.83
2 2555.47  15    0.00
1 2557.14 m8     5.83
2 2559.71  10   10.87
1 2560.69 m13    5.82
2 2563.35  8     9.26
2 2563.58  10    8.60
1 2571.74 m15    5.83
2 2573.54  10    9.23
1 2577.66 m10    5.82
2 2578.31  8     8.55
2 2584.10  10    8.53
2 2590.72  15    8.52
1 2591.84 m98    5.82
2 2596.17  8     9.19
1 2603.56 m4     5.80
2 2607.90  10    8.49
2 2610.70  8    10.75
2 2610.81  10   10.76
2 2614.57  10    0.00
2 2616.18  10    0.00
2 2619.59  15   10.91
2 2620.48  10   10.76
1 2622.87 m4     5.76
2 2623.20  8    10.90
2 2630.93  10    8.47
1 2639.42 a7     7.61
1 2642.12 m4     7.70
2 2653.57 m28    6.16
2 2658.59 m28    6.14
2 2658.91  8     8.67
2 2661.22  10   11.10
2 2661.73 m8     6.16
2 2663.42 m36    6.18
2 2663.67 m8     6.13
2 2666.02 m50    6.15
2 2668.71 m32    6.13
2 2671.80 m40    6.15
2 2672.83 m32    6.16
2 2677.13  20    6.15
2 2677.16 m200   6.18
2 2677.19  25    6.18
2 2678.79 m36    6.12
2 2687.09 m26    6.12
1 2688.04 m7     5.63
1 2690.25 m3     5.63
2 2691.03 m32    6.16
2 2693.53 m4     8.35
1 2696.53 a20    5.54
2 2698.40 m20    6.12
1 2700.59 m20    5.60
1 2701.99 m13    7.70
1 2703.48 m8     5.63
2 2703.56  15    8.36
2 2708.78 m7     8.73
2 2709.31 m4     8.72
1 2710.19 a25    7.77
2 2710.92  13    9.57
2 2712.30 m16    6.08
1 2716.18 m5     5.60
2 2718.32  8     8.41
2 2718.43 m5     8.47
2 2720.06  10    8.41
2 2720.25  8     8.41
2 2722.74 m19    6.05
2 2723.64  12    8.31
2 2724.04 m20    8.41
1 2726.50 m48    5.49
2 2727.25 m5     8.42
1 2731.90 m32    5.48
1 2736.46 m19    5.48
1 2739.39 m8     7.50
2 2740.09 m8     6.03
1 2741.07 m11    7.51
2 2742.02 m11    6.02
1 2742.17 m11    7.53
2 2743.63 m28    6.00
2 2744.97  8     8.27
2 2746.21 m4     9.26
1 2748.28 m12    5.48
2 2748.98 m38    6.00
2 2750.72 m44    6.02
1 2751.58 m5     5.49
2 2751.85 m32    6.03
1 2752.85 m12    5.48
2 2754.28 m4     8.36
1 2755.29 m2     5.53
2 2756.30  8     8.36
1 2757.09 m17    5.48
2 2757.72 m40    6.00
2 2758.99 m7     9.24
2 2759.40 m9     8.36
1 2761.74 m10    5.48
2 2762.58 m85    6.02
1 2763.09 m2     7.58
1 2764.35 m9     5.49
2 2766.55 m85    6.03
1 2767.53 m2     7.57
2 2768.59  1     9.24
1 2769.91 m28    5.48
2 2774.44  10    9.40
1 2775.67 a12    7.57
1 2777.66 a10    7.46
2 2778.06 m5     9.40
1 2779.13 m2     7.58
2 2780.30 m9     8.26
1 2780.70 m10    5.49
2 2782.36  8     8.60
2 2785.69 m8     8.62
2 2787.61 m4     8.27
2 2789.39  8    10.72
2 2792.16 m10    8.62
1 2795.82 a12    7.44
2 2800.77 m8     8.61
2 2812.00 m9     8.58
1 2814.52 a10    7.83
2 2818.36 m7     8.56
1 2820.82 a15    7.84
2 2822.01 m5     8.54
2 2822.38 m20    8.16
1 2826.74 m2     7.84
2 2830.46 m20    8.14
2 2830.60  12    8.15
2 2832.45  12    8.69
2 2834.24 m8     8.67
2 2835.63 m280   5.93
2 2838.78 m6     9.11
2 2840.01 m13    8.12
2 2843.24 m190   5.90
1 2846.02 m2     7.80
2 2849.29 m5     7.80
2 2849.83 m140   5.86
2 2851.35 m14    8.09
2 2853.22 m6     8.10
2 2855.05 m6     8.42
2 2855.67 m100   5.84
2 2856.77 m10    6.77
2 2857.40 m8     6.79
2 2858.91 m70    5.89
2 2860.92 m50    5.82
2 2862.57 m90    5.86
2 2865.10 m85    5.84
2 2865.87  10    9.26
2 2866.72 m70    5.82
2 2867.09 m10    6.76
2 2867.65 m55    5.80
2 2870.43 m24    6.77
2 2871.45  4     9.64
1 2871.63 m12    5.33
1 2873.18 a12    7.29
2 2873.46 m18    5.81
2 2873.81 m10    6.75
2 2875.97 m36    6.79
2 2876.24 m26    5.81
2 2876.30  8     9.29
2 2877.97 m20    5.84
2 2878.45 m8     5.86
1 2879.27 m14    5.29
2 2880.86 m11    6.76
1 2881.14 m3     7.29
2 2881.86  11    9.97
2 2881.91  9     8.60
1 2887.00 m19    5.27
2 2888.73 m6     8.79
1 2889.29 m80    5.33
1 2890.16 a12    7.38
1 2891.42 m6     7.30
1 2893.25 m42    5.29
1 2894.17 m22    5.25
2 2896.45 m6     9.26
1 2896.76 m24    5.27
2 2898.53 m10    8.15
1 2899.20 m9     5.25
1 2904.67 m6     7.37
1 2905.48 m20    5.24
1 2909.05 m30    5.25
2 2910.67  6     8.42
1 2910.89 m30    5.27
1 2911.15 m28    5.29
1 2913.72 m7     7.38
2 2921.81 m7     8.11
2 2923.67  8     9.23
2 2927.09 m7     9.02
2 2928.12 m9     7.99
2 2928.32 m11    8.09
2 2930.85 m4     7.94
1 2934.45 a8     0.00
2 2935.12 m10    8.05
2 2946.81 m7     8.52
2 2953.34 m6     7.92
2 2953.70 m7     8.49
2 2961.72 m6     8.36
2 2966.03 m5     8.05
1 2967.64 m55    5.18
1 2971.10 m55    5.15
2 2971.90 m24    7.94
1 2975.48 m55    5.13
2 2979.73 m22    7.92
1 2980.78 m40    5.12
2 2985.32 m13    7.90
1 2985.85 m55    5.13
1 2986.01 m170   5.15
1 2986.47 m240   5.18
1 2988.64 m75    5.09
2 2989.18 m18    7.89
1 2991.88 m55    5.11
1 2994.06 m26    5.08
1 2995.09 m34    5.08
1 2996.57 m80    5.12
1 2998.78 m24    5.07
1 3000.88 m120   5.13
2 3003.92  7     7.99
1 3005.00 m85    5.15
1 3013.03 m18    5.07
1 3013.72 m90    5.08
1 3014.76 m90    5.08
1 3014.93 m180   5.09
1 3015.20 m90    5.07
2 3015.51  10    8.52
1 3017.59 m360   5.11
1 3018.49 m55    5.07
1 3018.83 m30    5.09
1 3020.67 m55    5.07
1 3021.58 m360   5.13
1 3024.36 m140   5.08
2 3026.64 m11    8.52
2 3028.12  15    8.50
1 3029.16 m22    5.07
1 3030.25 m90    5.09
1 3031.35 m18    5.07
2 3032.94 m3     6.79
1 3034.19 m50    5.09
1 3037.05 m70    5.11
1 3039.77 m10    7.08
1 3040.84 m70    5.08
2 3041.73 m7     8.48
2 3042.79  5     8.14
2 3043.90  4     8.14
1 3047.45 a15    7.15
1 3049.88 a8     5.09
2 3050.14 m14    8.37
1 3052.22 a18    7.14
1 3053.87 m90    5.09
2 3059.53 m3     6.76
1 3061.64 a15    6.59
1 3065.07 m11    7.14
2 3067.18 m3     6.75
1 3073.00 m11    7.15
1 3077.83 m7     7.14
2 3093.47  8     8.78
1 3095.85 m3     6.71
2 3096.11  7     8.78
1 3096.52 a10    6.71
2 3103.47  6     8.29
2 3107.57  10    8.76
1 3109.34 m3     7.06
1 3110.87 m3     7.07
2 3118.64 m30    6.40
1 3119.70 m5     7.06
2 3120.36 m55    6.41
2 3122.59 m3     8.14
2 3124.94 m60    6.42
2 3125.02  12    8.26
2 3128.69 m15    6.40
1 3131.21 a20    7.07
2 3132.05 m75    6.44
1 3132.82 a18    7.08
2 3134.33  5     8.36
2 3136.68 m18    6.41
1 3144.39 a12    6.65
1 3145.62 a10    7.78
2 3147.22 m18    8.10
1 3148.44 m11    6.90
2 3150.11  4     8.09
2 3152.21  8     8.31
1 3155.16 m13    6.91
1 3159.58 a20    6.84
2 3162.46  2     7.99
1 3163.76 m13    6.92
2 3169.20  5     8.68
1 3169.58 a8     6.44
2 3172.08  8     8.28
1 3179.28 a10    6.81
2 3180.73 m3     6.44
2 3183.33  8     8.30
1 3188.02 m8     6.88
1 3192.12 a15    4.82
2 3197.12 m28    6.42
1 3198.12 m3     6.86
2 3201.26  5     8.61
2 3208.62 m4     6.41
2 3209.21 m22    6.41
1 3211.32 a20    7.28
2 3216.55  4     8.26
2 3217.44 m18    6.40
1 3218.70 a7     6.84
1 3226.56 a15    4.82
1 3229.21 m4     7.29
1 3233.24 a18    4.80
2 3234.06 m3     8.12
1 3237.73 m8     6.80
1 3238.09 a20    6.81
1 3238.50 a10    6.93
2 3238.76  10    8.14
1 3240.95 a18    4.78
1 3244.12 a20    4.82
1 3245.52 a35    6.79
1 3247.26 a15    4.78
1 3251.58 a18    0.00
1 3251.84 m16    6.79
1 3253.27 a10    6.80
1 3254.94 a2     0.00
1 3257.83 m16    6.81
2 3258.77  6     9.29
1 3259.98 m12    6.80
2 3264.26  7     8.09
1 3266.63 a15    4.82
2 3270.13  8     8.10
1 3270.71 a8     7.21
1 3271.93 a4     6.87
2 3286.34  1     9.11
1 3290.95 a1     0.00
2 3291.75  8     8.06
1 3293.83 a10    7.21
2 3295.42 m4     7.93
1 3298.31 a20    6.85
1 3302.19 a5     6.87
1 3302.87 a18    6.83
1 3304.39 a1     6.76
1 3305.23 a5     6.86
2 3307.02 m3     7.91
1 3307.75 a30    6.46
1 3309.83 a15    6.83
2 3310.65  7     8.52
2 3311.91  8     7.89
2 3312.18  8     7.88
2 3314.57  7     8.66
1 3316.50 a25    7.58
1 3318.10 a5     6.65
1 3321.19 a8     6.85
1 3323.27 a7     6.83
2 3324.03 m7     6.16
2 3324.34  10    8.14
1 3326.59 m3     6.82
2 3328.34 m4     6.14
1 3329.06 m4     6.85
1 3330.60 a7     6.81
1 3332.88 a25    6.83
1 3333.61 a12    6.62
1 3334.68 a10    6.61
2 3335.27  8     8.12
2 3336.33 m12    6.13
2 3339.81 m16    6.14
1 3341.45 a7     7.08
2 3342.57 m14    6.16
1 3343.34 m4     6.79
1 3343.75 a5     6.61
1 3344.51 a10    6.80
1 3345.14 a9     7.15
1 3346.01 m12    6.71
1 3346.71 m12    6.69
2 3347.83 m12    6.13
1 3349.07 m8     6.71
1 3349.34 m7     6.81
1 3351.60 m4     6.80
1 3351.97 m7     3.69
1 3353.02 m7     7.54
2 3353.12  4     6.17
1 3353.63 a7     0.00
1 3356.38 a3     6.61
1 3356.76 a1     0.00
2 3357.39  8     8.10
2 3358.49 m22    6.14
1 3359.18 a6     6.79
1 3360.15 a6     6.81
2 3360.30 m20    6.79
2 3361.77 m8     6.79
1 3362.22 m7     6.70
1 3362.70 a10    6.70
1 3365.52 a10    6.79
1 3367.54 a10    6.22
2 3368.04 m55    6.16
1 3370.22 a8     7.57
1 3374.58 a12    0.00
1 3374.93 a10    6.79
1 3376.13 a4     0.00
1 3376.40 m4     7.52
2 3378.36 m7     6.77
1 3379.17 m4     3.66
2 3379.39 m4     6.77
2 3379.84 m12    6.77
1 3382.07 a7     7.02
2 3382.68 m18    6.11
1 3384.24 a10    6.20
1 3384.65 a18    6.20
1 3385.31 a15    7.21
1 3386.51 a12    7.22
1 3388.71 a20    6.19
1 3390.77 a18    7.21
2 3391.41 m12    6.07
2 3393.00  7     6.78
2 3393.85 m9     6.76
2 3394.32 m7     6.75
2 3395.62  5     8.12
2 3399.54  4     8.14
2 3402.43 m4     6.75
2 3403.30 m22    6.75
1 3403.60 a18    7.49
1 3407.23 a8     6.65
1 3408.01 a6     0.00
2 3408.76 m45    6.11
1 3409.37 a6     0.00
1 3411.02 a10    0.00
2 3421.19 m26    6.04
2 3422.73 m34    6.07
1 3425.98 a12    6.71
1 3427.65 a5     0.00
1 3431.28 a20    6.15
1 3432.00 a15    6.15
1 3432.31 a12    6.15
2 3433.29 m18    6.04
1 3433.59 m34    6.15
1 3434.11 m7     6.15
1 3435.68 a18    6.15
1 3435.82 a15    6.15
1 3436.19 m20    6.15
1 3439.36 a8     0.00
1 3441.11 m9     6.14
1 3441.45 m18    6.14
1 3443.78 m4     6.57
1 3445.60 m22    6.14
1 3447.01 m4     6.13
1 3447.43 m22    6.13
1 3447.76 m9     6.13
2 3450.84  1     7.88
1 3453.33 m24    6.13
1 3453.74 m5     6.13
2 3454.97  7     8.52
1 3455.27 a20    6.13
1 3455.61 m16    6.13
2 3457.61  6     8.52
1 3458.09 a18    7.43
1 3460.43 m13    6.59
1 3464.82 a10    6.11
1 3465.25 m8     6.11
1 3465.57 a12    6.11
1 3467.01 m5     7.42
1 3467.71 m9     6.56
1 3468.74 a12    0.00
1 3469.59 m6     6.59
1 3470.40 a15    6.28
1 3470.53 a12    6.27
1 3471.49 a10    6.27
2 3472.06  5     8.48
1 3472.76 m2     6.27
1 3472.90 m3     6.54
1 3473.61 m5     6.27
1 3474.37 a12    0.00
1 3474.87 a10    6.58
1 3477.16 a15    6.58
1 3478.76 a15    6.58
1 3479.12 a12    6.57
1 3479.34 a2     0.00
1 3480.27 a10    6.57
1 3481.54 m7     6.56
1 3486.47 a12    0.00
1 3488.45 a18    6.52
1 3494.96 m7     6.53
1 3502.30 a12    0.00
1 3503.38 a1     6.52
1 3510.53 m10    6.53
2 3511.83 m5     6.01
1 3527.09 a10    7.49
1 3550.63 m15    6.68
1 3555.78 a10    6.02
1 3556.13 a9     6.02
1 3558.57 m10    6.62
1 3562.28 a8     7.93
1 3564.71 a18    0.00
1 3566.11 m16    6.62
1 3572.74 a30    6.17
1 3573.64 m16    6.17
1 3574.04 m10    7.91
1 3578.68 m2400  3.46
1 3582.61 a25    4.49
2 3585.30  12    6.16
2 3585.53  8     6.16
1 3593.48 m2100  3.44
1 3599.40 a30    6.36
1 3601.66 m44    6.14
2 3603.78  8     6.15
1 3605.32 m1600  3.43
1 3609.48 m5     5.97
1 3610.04 m5     5.97
1 3612.61 m9     7.28
1 3615.65 m11    3.42
1 3619.46 a30    7.62
1 3626.34 a10    0.00
2 3631.49  10    6.12
2 3631.70  8     6.12
1 3632.83 m17    5.95
1 3635.00 a20    7.51
1 3635.28 a30    3.40
1 3636.59 m44    5.95
1 3639.80 m80    5.94
1 3640.38 m11    5.94
1 3641.47 m9     5.94
1 3641.84 m28    5.94
1 3648.53 m11    5.94
1 3648.99 a75    5.94
2 3650.37  8     8.38
1 3653.92 m22    5.93
1 3656.26 m28    5.93
1 3662.84 m6     5.92
1 3663.21 m16    5.92
1 3665.98 m6     5.92
1 3666.63 m10    7.48
1 3676.32 m7     7.21
2 3677.67 m4     6.08
2 3677.86 m6     6.07
1 3679.07 a20    5.91
1 3679.81 m4     5.91
1 3685.57 m13    5.91
1 3686.82 m14    5.90
2 3712.95 m8     6.04
1 3716.52 m4     7.23
1 3730.81 m14    3.32
1 3732.03 m16    3.32
1 3742.97 m10    5.86
1 3743.57 m50    5.85
1 3743.89 m60    5.85
1 3744.49 m9     5.85
1 3748.61 m6     5.85
1 3749.00 m36    5.85
1 3757.17 m5     5.84
1 3757.66 m24    5.84
1 3758.04 m5     5.84
1 3767.43 m2     5.83
1 3768.24 m22    5.83
1 3768.08 a50    5.83
1 3768.73 m8     5.83
1 3786.22 a40    5.98
1 3788.86 m8     6.27
1 3789.72 a40    4.24
1 3790.23 a35    6.27
1 3790.46 m8     6.27
1 3791.38 m11    6.27
1 3792.14 m11    6.27
1 3793.29 m10    6.27
1 3793.87 m11    6.27
1 3794.61 m7     6.27
1 3797.14 m12    6.27
1 3797.71 m17    6.27
2 3801.20  2     9.55
1 3804.80 m44    6.26
1 3806.83 m9     6.71
1 3807.92 m9     6.26
1 3812.26 a65    6.69
1 3814.63 a50    6.67
1 3815.44 m15    5.95
1 3816.19 a60    5.79
1 3817.85 a40    5.79
1 3818.47 m6     5.79
1 3819.57 m15    5.95
1 3823.52 m6     4.29
1 3825.40 a75    5.94
1 3826.43 m11    5.94
1 3830.03 m11    6.68
1 3831.03 a35    4.24
1 3834.74 a75    5.94
1 3836.08 a60    5.94
1 3841.28 m32    5.93
1 3848.98 m16    5.92
1 3849.35 m12    6.21
1 3849.54 a100   4.20
1 3850.03 m24    5.92
1 3852.22 m12    4.19
1 3853.19 a3     5.92
1 3854.23 m16    5.92
1 3854.80 a50    7.11
1 3855.30 m9     5.92
1 3855.58 m12    5.92
1 3856.28 a60    5.92
1 3857.63 m22    6.60
1 3858.89 a50    6.22
1 3862.54 a30    6.33
1 3870.24 a50    7.10
1 3874.55 m6     6.21
1 3875.23 a50    7.58
1 3879.23 a50    6.65
1 3881.23 a50    6.20
1 3881.86 a25    7.05
1 3883.29 m55    7.10
1 3883.66 m4     7.10
1 3885.24 m48    4.16
1 3886.80 m32    4.19
1 3891.93 m5     6.15
1 3894.04 m22    4.15
1 3897.66 m3     0.00
1 3902.00 a75    0.00
1 3902.91 m30    4.16
1 3903.17 m5     4.15
1 3907.78 a30    7.02
1 3908.76 m80    4.18
1 3912.01 m10    6.62
1 3915.85 m10    6.17
1 3916.25 m16    4.14
1 3916.99 a35    6.17
1 3917.61 m3     6.17
1 3919.16 m160   6.17
1 3921.03 m50    4.15
1 3926.66 m2     7.70
1 3928.65 m50    4.16
1 3929.66 a20    6.57
1 3938.35 a25    6.79
1 3941.16 a22    6.15
1 3941.50 m34    4.18
1 3945.50 a40    6.15
1 3945.97 a45    6.15
1 3948.86 a35    6.15
1 3951.09 m2     6.14
1 3951.77 a20    7.58
1 3952.40 m3     6.14
1 3953.17 m3     6.14
1 3960.77 a25    5.83
1 3963.69 m160   5.67
1 3969.06 m10    5.66
1 3969.75 m130   5.66
1 3971.27 m7     5.82
1 3972.69 a50    5.82
1 3976.67 m130   5.66
1 3978.68 m7     5.82
1 3979.80 m3     5.82
1 3981.24 m7     5.82
1 3983.24 a25    6.56
1 3983.90 m80    5.65
1 3984.34 m16    5.65
1 3989.98 m13    7.00
1 3991.12 m80    5.65
1 3991.68 m13    5.65
1 3992.10 a18    5.65
1 3993.97 m3     5.81
1 3998.86 a2     7.54
1 3999.68 a2     0.00
1 4001.44 m13    6.99
1 4003.92 m2     6.99
1 4012.48 m10    6.98
1 4014.67 m2     6.98
1 4018.22 a35    5.78
1 4022.27 m7     6.97
1 4023.74 a40    6.97
1 4024.56 a20    5.78
1 4025.01 m6     5.62
1 4026.17 m10    5.62
1 4027.10 m7     5.62
1 4028.04 a10    7.28
1 4030.69 m7     6.95
1 4031.13 a25    6.96
1 4033.27 a25    5.61
1 4033.97 a10    5.61
1 4037.29 a50    5.61
1 4039.10 m16    6.92
1 4041.79 a22    5.61
1 4042.25 a40    5.61
1 4043.68 a50    7.52
1 4046.76 a35    5.60
1 4048.78 m13    6.91
1 4049.78 a40    6.91
1 4050.03 a30    5.60
1 4051.32 a50    0.00
1 4056.05 a50    7.50
1 4058.78 m10    6.90
1 4065.73 m3     7.15
1 4066.93 m7     5.75
1 4074.86 m3     7.50
1 4076.07 m3     7.14
1 4077.09 m3     5.74
1 4077.68 m3     7.14
1 4080.23 a40    5.75
1 4081.74 a35    5.74
1 4085.03 a25    6.15
1 4090.30 a30    5.74
1 4092.18 a30    6.11
1 4097.69 a2     5.91
1 4097.89 a20    5.91
1 4098.02 a8     5.91
1 4099.02 a30    6.00
1 4101.16 a35    5.98
1 4104.86 m3     5.98
1 4108.40 a25    5.72
1 4109.58 m3     5.72
1 4110.95 a15    5.91
1 4111.33 a4     5.91
1 4111.60 a4     5.91
1 4120.62 m3     5.71
1 4121.26 a30    0.00
1 4121.82 m3     5.98
1 4122.16 m3     5.71
1 4123.39 m3     6.00
1 4126.51 m12    5.54
1 4126.92 a30    5.71
1 4127.30 m3     7.10
1 4127.64 m3     5.71
1 4129.20 a50    5.91
1 4131.36 m3     6.85
1 4134.39 a35    7.09
1 4142.19 a45    7.44
1 4146.20 a40    6.83
1 4146.47 a20    6.36
1 4146.70 a45    5.95
1 4152.78 m2     6.83
1 4153.07 a30    5.52
1 4153.81 m10    5.52
1 4161.43 m7     6.35
1 4163.63 m12    5.52
1 4165.52 m6     7.42
1 4169.84 m3     7.08
1 4170.21 m3     7.07
1 4171.68 a40    6.82
1 4172.78 m3     6.94
1 4174.81 m14    0.00
1 4175.23 a35    6.82
1 4175.96 m2     5.96
1 4177.84 a50    6.84
1 4179.27 m14    6.07
1 4179.97 a30    7.58
1 4184.90 m3     6.04
1 4185.35 a1     5.94
1 4186.36 m2     6.81
1 4190.16 m3     5.82
1 4191.27 m7     5.50
1 4191.75 a30    5.50
1 4192.11 m3     6.94
1 4193.66 m7     6.81
1 4194.96 m6     6.81
1 4197.24 m3     6.80
1 4198.54 m7     6.93
1 4200.10 a35    6.02
1 4203.59 m5     5.49
1 4204.20 a30    5.40
1 4204.48 m3     6.93
1 4206.91 a40    7.56
1 4208.36 m3     6.80
1 4209.37 m9     6.79
1 4209.76 m3     6.04
1 4211.34 m3     6.02
1 4212.65 a15    5.95
1 4213.18 a12    6.01
1 4216.39 m3     5.95
1 4217.65 m7     5.94
1 4221.58 m3     6.79
1 4222.75 m3     5.94
1 4224.52 a20    6.01
1 4226.75 a40    7.14
1 4230.49 a35    5.94
1 4232.22 a15    7.14
1 4232.87 a12    5.94
1 4234.52 a15    6.04
1 4237.72 a15    5.93
1 4238.96 m3     5.93
1 4240.71 m5     5.90
2 4242.36  10    6.79
1 4248.34 a12    5.92
1 4248.70 a5     5.89
1 4252.24 a20    5.92
1 4254.33 m1700  2.91
1 4255.50 m6     5.91
1 4257.45 a15    5.92
1 4259.14 a10    5.92
1 4261.35 m5     5.82
1 4261.63 a25    6.03
1 4262.13 a22    6.01
1 4262.37 a12    5.98
1 4263.15 m9     6.76
1 4266.81 a8     5.90
1 4268.79 a10    6.88
1 4269.96 a20    5.98
1 4271.07 m2     6.00
1 4272.93 m3     5.80
1 4274.81 m1300  2.90
1 4275.98 a7     6.78
1 4277.80 a2     6.75
1 4280.42 m7     6.75
1 4284.73 a25    5.78
1 4289.73 m850   2.89
1 4291.97 m3     6.31
1 4293.58 a25    5.80
1 4295.77 m7     5.59
1 4297.06 a20    5.59
1 4297.75 m6     6.74
1 4299.72 a20    5.78
1 4300.52 m3     6.32
1 4301.18 m4     6.33
1 4302.78 a15    7.50
1 4305.47 m2     5.76
1 4307.49 a10    5.96
1 4312.48 a15    5.98
1 4319.66 m3     5.75
1 4320.61 a30    5.76
1 4321.25 a20    5.74
1 4321.62 a20    5.98
1 4325.07 m5     5.83
1 4332.57 a15    5.98
1 4337.57 m65    3.83
1 4338.40 a12    0.00
1 4338.80 a15    6.23
1 4339.45 m95    3.84
1 4339.74 m32    3.82
1 4340.14 m5     5.56
1 4343.17 a18    5.56
1 4344.51 m160   3.86
1 4345.08 a15    6.22
1 4346.83 m6     5.83
1 4347.49 a8     5.84
1 4351.05 m32    3.82
1 4351.77 m190   3.88
1 4353.94 a15    6.22
1 4359.65 m48    3.83
1 4363.13 m6     5.80
1 4371.28 m44    7.27
1 4373.25 m6     3.82
1 4374.17 m9     5.83
1 4375.34 m6     5.81
1 4376.80 a25    7.29
1 4377.55 a30    5.74
1 4381.11 m4     5.53
1 4384.97 m44    3.86
1 4391.75 m6     3.83
1 4397.24 a30    5.82
1 4399.82 a30    5.82
1 4403.51 m5     6.79
1 4407.70 a2     5.82
1 4410.31 m2     5.82
1 4411.10 m5     5.82
1 4412.25 m3     3.84
1 4413.86 m4     6.36
1 4414.38 a10    0.00
1 4424.29 m5     5.81
1 4428.52 m2     5.81
1 4432.16 m4     5.66
1 4458.54 m9     6.32
1 4459.75 m2     5.79
1 4460.76 a18    6.87
1 4465.37 m2     5.78
1 4467.57 a30    5.78
1 4473.78 a30    7.30
1 4475.36 a50    5.47
1 4477.05 a35    5.74
1 4482.88 m2     6.13
1 4488.06 m3     5.76
1 4489.47 m4     6.32
1 4491.69 a30    5.65
1 4491.86 a35    5.74
1 4492.31 m5     7.38
1 4496.85 m55    3.69
1 4498.73 m4     5.67
1 4500.29 m6     5.93
1 4501.10 m4     6.31
1 4506.84 m2     6.94
1 4511.90 m8     5.83
1 4514.53 m3     5.65
1 4515.44 a25    5.75
1 4521.14 m2     6.84
1 4524.84 a15    6.85
1 4526.09 m2     6.11
1 4526.46 m32    5.28
1 4527.34 m6     5.28
1 4530.72 m32    5.28
1 4535.14 m4     5.27
1 4535.71 m20    5.27
1 4539.79 m3     5.27
1 4540.50 m20    5.27
1 4540.72 m20    5.83
1 4541.07 m3     5.27
1 4541.51 m1     5.80
1 4542.64 m2     5.81
1 4543.73 a20    5.71
1 4544.61 m12    5.27
1 4545.34 m2     5.27
1 4545.95 m50    3.66
1 4553.95 a18    6.82
1 4554.82 a25    5.83
1 4555.09 a15    5.82
1 4556.18 m4     5.83
2 4558.66 m1     6.79
1 4564.17 m1     7.49
1 4565.51 m10    3.69
1 4569.63 m8     5.83
1 4571.67 m10    5.25
1 4575.11 m1     6.07
1 4578.33 a12    6.56
1 4580.05 m30    3.64
1 4584.10 a20    5.82
1 4586.16 m2     5.81
1 4587.86 a8     5.71
2 4588.22  10    6.77
1 4591.40 m30    3.66
1 4592.55 a15    7.15
1 4595.60 m6     6.88
1 4598.44 a20    5.80
1 4600.11 m4     5.24
1 4600.75 m40    3.69
1 4601.02 m4     5.24
1 4605.79 a8     6.01
1 4613.36 m20    3.64
1 4616.12 m50    3.66
2 4618.82  6     6.76
1 4619.54 m6     5.67
1 4621.92 m7     6.53
1 4622.47 m6     6.23
1 4622.76 m2     5.66
1 4626.18 m46    3.64
1 4632.17 m2     5.78
1 4633.27 a30    5.80
2 4634.10  5     6.75
1 4637.17 m3     5.65
1 4637.77 m4     5.21
1 4646.15 m130   3.69
1 4646.80 m2     5.76
1 4648.12 m2     5.21
1 4648.86 m2     6.23
1 4649.45 m3     6.23
1 4651.29 m48    3.64
1 4652.16 m70    3.66
1 4654.76 m3     5.75
1 4656.18 m1     5.74
1 4663.33 m3     5.75
1 4663.83 m6     5.66
1 4664.80 m8     5.66
1 4665.90 m3     6.21
1 4666.20 m8     5.62
1 4666.51 m6     5.80
1 4669.34 m4     5.82
1 4680.54 m3     5.75
1 4680.86 m1     5.74
1 4684.60 a12    5.72
1 4686.20 a15    0.00
1 4689.38 m6     5.76
1 4693.94 m5     5.62
1 4695.14 m2     7.10
1 4697.04 m5     5.34
1 4698.46 m20    5.78
1 4698.61 a50    5.73
1 4699.59 a25    6.85
1 4700.60 m3     5.34
1 4706.09 a25    5.74
1 4708.02 m16    5.80
1 4717.67 a10    5.74
1 4718.43 m20    5.82
1 4723.10 m4     5.70
1 4724.40 m4     5.71
1 4727.13 m4     5.62
1 4729.71 m2     0.00
1 4730.69  10    5.69
1 4737.33 m12    5.70
1 4743.12 a12    6.82
1 4745.31 m1     5.32
1 4752.07 m6     6.79
1 4754.73 a20    5.69
1 4755.14 a18    5.61
1 4756.09 m28    5.71
1 4757.31 a15    6.85
1 4761.24 a10    5.72
1 4764.28 m4     6.15
1 4764.65 a20    5.61
1 4766.63 m1     5.61
1 4767.86 m2     6.15
1 4770.68 a4     5.61
1 4774.55 a8     5.60
1 4775.12 a10    6.14
1 4783.06 a10    6.77
1 4789.32 m16    5.13
1 4790.32 a20    5.13
1 4792.50 m8     5.69
1 4796.15 a40    6.78
1 4797.69 a15    6.13
1 4801.02 m10    5.70
1 4804.64 a15    5.28
1 4806.25 a25    5.28
1 4810.71 a35    5.65
1 4814.25 a35    5.66
1 4816.13 a25    7.11
1 4823.90 a12    7.10
2 4824.12  20    6.44
1 4829.38 m9     5.11
1 4831.63 a15    5.98
1 4836.85 m1     5.66
1 4846.29 a40    6.00
2 4848.24  15    6.42
1 4855.15 a15    5.26
1 4857.31 a18    5.26
1 4861.19 m1     5.09
1 4861.84 m6     5.09
2 4864.31  12    6.41
1 4870.79 m12    5.62
1 4874.65 a20    5.65
2 4876.37  8     6.39
1 4880.04 a22    5.65
1 4884.95 a25    5.08
1 4885.77 m3     5.08
1 4885.97 m1     5.62
1 4887.01 m11    5.62
1 4888.53 m1     5.06
1 4894.37 a25    8.05
1 4903.25 m3     5.07
1 4905.05 a20    7.14
1 4920.95  150   5.62
1 4922.28 m22    5.62
1 4930.18 a30    6.36
1 4936.34 m9     5.62
1 4942.49 m6     3.44
1 4944.57 a22    6.36
1 4954.81 m9     5.62
1 4964.92 m3     3.44
1 5013.31 m5     5.18
1 5021.91 a25    3.40
1 5048.75 a25    3.43
1 5051.90 m1     3.39
1 5065.92 m1     5.15
1 5067.73 m3     5.15
1 5068.31 a35    3.44
1 5072.93 m3     3.38
1 5078.71 a40    0.00
1 5091.90 a30    3.43
1 5110.76 m2     5.13
1 5113.14 m1     5.13
1 5122.12 a30    3.45
1 5139.60 m4     5.83
1 5144.67 m1     5.12
1 5166.22 m6     5.83
1 5177.42 m3     5.82
1 5184.58 m6     5.80
1 5192.01 m6     5.78
1 5196.45 m7     5.83
1 5200.20 m3     5.76
1 5204.51 m440   3.32
1 5206.02 m700   3.32
1 5208.42 m900   3.32
1 5220.92 a40    5.76
1 5221.76 m2     5.74
1 5224.55 a40    5.08
1 5224.97 m7     5.82
1 5225.05 a75    5.80
1 5225.83 a50    5.08
1 5226.92 m1     5.75
1 5228.10 a50    5.74
1 5230.23 a40    5.08
2 5237.35  20    6.44
1 5238.97 m1     5.07
1 5240.47 a50    6.80
1 5243.38 m2     5.75
1 5247.58 m2     3.32
1 5254.92 m5     5.77
1 5255.12 m5     5.82
1 5261.76 m1     6.05
1 5254.16 m44    3.32
1 5265.17 m2     5.78
1 5265.73 m15    3.32
1 5272.01 m3     5.80
1 5273.46 m2     5.80
2 5274.99  15    6.42
1 5275.21 m8     5.24
1 5275.71 m3     5.24
1 5276.07 m6     5.24
1 5278.25 a40    6.81
2 5279.88  10    6.42
1 5280.29 m1     5.72
1 5287.19 m0     5.78
1 5296.69 m28    3.32
1 5297.37 m6     5.24
1 5298.29 m55    5.23
1 5300.74 m7     3.32
1 5304.19 m1     5.80
2 5305.86  8     6.16
1 5312.88 m2     5.78
2 5313.61  8     6.41
1    0.00  5     0.00
1 5328.36 m28    5.24
1 5329.17 m6     5.24
1 5329.76 m1     5.24
2 5334.89  10    6.39
1 5340.46 m1     5.76
1 5344.77 m0     5.77
1 5345.77 m65    3.32
1 5348.30 m32    3.32
1 5361.30 a40    0.00
1 5370.36 a40    0.00
1 5371.48 a50    6.15
1 5386.96 m2     5.67
1 5390.38 m0     5.67
1 5400.58 m3     5.67
1 5409.78 m120   3.32
2 5478.37  10    6.44
1 5480.50 m1     6.15
2 5502.07  8     6.42
