2 1995.60 c1     1.00
1 2024.33 m240   6.12
2 2035.84 m160   9.06
2 2037.12 m210   8.91
2 2043.79 m380   8.78
2 2062.49 m11    8.00
1 2066.04 m2      8.00
2 2066.32 m11   8.00
2 2069.92 m11    8.00
2 2078.65 m11    8.00
1 2079.46 m2      8.00
2 2080.06 m11    8.00
1 2080.91 m2     8.00
2 2082.92 m11   8.00
2 2084.32 m11    8.00
1 2085.22 m2      8.00
2 2085.30 m11    8.00
1 2088.74 m2      8.00
2 2087.93 m11    8.00
2 2096.30  m11    8.00
2 2094.77 m11    8.00
1 2100.41 m2      8.00
2 2104.78 m11    8.00
1 2105.11 a80    7.28
2 2106.39 m11     8.00
1 2109.78 m2      8.00
2 2110.31 m11    8.00
2 2111.30 m11    8.00
2 2112.09 m66    9.13
2 2117.30 m11    8.00
2 2118.38 m11    8.00
2 2122.97 c25    9.10
1 2124.10 m2      8.00
2 2125.09  m11    8.00
2 2125.24  m11    8.00
2 2126.03 c25    8.69
1 2130.76 m2       8.00
2 2135.98 m210   8.51
1 2138.51 m64    7.18
1 2165.09 m150   5.72
1 2169.53 a30    7.35
1 2171.76 a20    7.35
1 2178.94 m170   5.69
2 2179.40 c30    8.66
1 2181.72 m130   5.68
2 2189.62 c25    8.91
2 2192.26 m38    8.48
1 2199.59 m170   7.02
1 2199.75 a100   7.28
2 2210.26 c30    8.86
1 2214.58 m58    6.98
1 2215.65 a100   7.23
2 2218.10 c25    8.41
1 2225.70 m44    5.57
1 2227.78 m94    7.20
1 2230.08 m120   6.94
1 2236.28 a90    7.18
1 2238.45 a110   7.18
2 2242.61 c25    8.78
1 2244.27 a220   5.52
2 2247.00 m40    8.23
1 2260.53 a130   6.87
1 2263.08 a220   7.12
2 2276.25 c18    8.41
2 2290.99 m11    8.00
2 2292.68 m11   8.00
1 2293.84 m29    6.79
2 2294.36 c20    8.23
1 2303.12 a100   7.02
2 2309.61 m11   8.00
1 2319.56 a50    6.98
2 2348.82 c8    14.34
2 2369.89 m5     8.48
2 2370.74 c10   13.64
2 2376.29 c25   14.34
1 2392.63 a250   6.81
2 2400.11 c10    8.41
2 2403.33 c50   13.40
1 2406.67 a150   6.79
2 2424.44 c25   13.64
1 2441.64 m7     5.08
2 2468.58 m11   8.00
3 2482.34  m5    8.00
2 2485.79 c10   13.64
1 2492.15 m36    4.97
2 2506.27 c15   13.42
2 2518.95  m11 8.00
2 2526.59 c12   13.38
2 2529.30 c25   13.67
2 2544.80 c50   13.38
2 2571.75 c30   13.68
1 2592.63 a100   0.00
2 2598.81 c10   13.42
2 2600.27 c25   13.67
1 2618.37 m40    6.12
2 2666.28 m11   8.00
2 2689.30 c25   13.38
2 2700.96 m5    13.67
2 2703.18 c15   13.64
2 2713.51 c25   13.42
2 2718.78 c18   13.67
2 2721.68 c12   13.64
2 2737.33  m11 8.00
2 2745.28 c10   13.42
1 2745.45 m5    8.00
1 2766.37 m8     6.12
1 2768.88 a13    9.55
2 2769.67 c25   13.38
1 2824.37 m50    5.78
2 2837.37 c25   13.42
1 2858.73 a20    5.72
2 2877.70 c20   13.42
1 2882.93 m5     5.68
2 2884.20 c30   13.39
2 2884.38 m11  8.00
1 2961.17 m24    5.57
1 2997.36 m4     5.78
1 2998.38 a15    5.52
1 3010.84 m7     5.50
1 3012.01 a25    9.07
1 3021.56 a30    9.17
1 3022.61 a30    8.94
1 3024.99 a10    7.88
1 3036.10 m6     5.72
1 3063.42 m4     5.69
1 3073.80 a140   5.42
1 3088.13 a13    9.09
1 3093.99 m2     5.40
1 3099.93 a125   8.83
1 3108.45 a60    9.06
1 3108.61 a200   8.82
1 3113.48 m2     8.00
1 3116.35 a40    8.81
1 3126.11 a140   8.80
1 3128.70 a65    8.93
1 3140.31 a40    8.78
1 3142.44 a75    8.92
1 3146.82 a45    8.91
1 3156.63 a45    5.57
1 3169.68 a50    9.06
1 3194.10 m8     5.52
1 3208.23 m2     5.50
1 3223.44 a40    9.09
1 3224.66 a45    9.09
1 3231.18 a65    8.94
1 3233.90 a45    8.93
1 3235.71 a65    9.07
1 3239.16 a15    8.93
1 3243.16 a150   8.92
1 3247.54 m5000  3.82
1 3252.22 a65    8.78
1 3266.02 a65    9.37
1 3268.28 a65    8.94
1 3273.96 m2500  3.78
1 3277.31 a65    8.93
1 3279.82 m4     5.42
1 3282.72 a140   8.93
2 3290.42 c25   18.09
1 3290.54 a150   8.84
1 3292.39 a12    8.92
1 3292.83 a65    5.15
1 3292.97 a45    8.84
1 3307.95 m8     8.82
1 3317.22 a75    8.84
1 3319.68 a15    8.83
1 3329.64 a22    8.82
1 3335.22 a40    8.82
1 3337.84 m7     5.10
1 3349.29 a45    8.94
1 3365.35 a75    8.78
1 3381.42 a20    8.82
1 3395.48 a6     9.33
1 3402.24 a22    9.33
1 3413.34 a20    9.31
1 3415.80 a20    9.35
1 3440.51 a25    5.24
1 3450.33 a75    9.37
1 3454.69 a20    9.36
1 3457.85 a75    4.97
1 3472.14 a20    9.07
1 3476.00 a75    9.09
1 3483.76 a125   9.06
1 3488.86 a10    9.07
1 3498.06 a12    8.94
1 3500.32 a5     9.06
1 3512.12 a65    8.92
1 3517.04 a10    8.94
1 3520.03 a50    9.09
1 3524.24 a125   8.94
1 3527.48 a50    8.93
1 3530.39 a200   5.15
1 3533.75 a50    8.93
1 3544.96 a12    8.92
1 3546.43 a2     9.06
1 3594.02 a3     4.84
1 3598.01 a1     7.26
1 3599.14 m3     8.84
1 3602.03 m3     8.83
1 3609.31 a20    5.08
1 3610.81 a20    8.94
1 3613.76 a60    8.82
1 3614.22 a20    8.94
1 3620.35 a23    8.82
1 3621.25 a60    8.94
1 3624.24 a10    8.82
1 3627.32 a12    8.94
1 3632.56 a5     8.92
1 3635.92 a25    9.09
1 3641.69 a5     8.82
1 3645.23 a25    9.09
1 3648.38 a13    8.82
1 3652.43 a10    8.81
1 3654.30 a20    7.18
1 3655.86 a60    8.78
1 3656.79 a13    8.91
1 3659.35 a13    9.07
1 3665.74 a12    8.80
1 3671.95 a10    9.06
1 3676.88 a5     8.94
1 3684.67 a45    9.09
2 3686.55 c50   11.85
1 3687.44 a40    7.17
1 3700.54 a25    8.92
1 3720.77 a15    4.97
1 3734.18 a20    8.82
1 3741.24 a45    8.82
1 3771.90 a10    9.06
1 3805.30 a10    8.94
1 3825.05 a10    7.02
1 3860.47 a60    8.78
1 3861.75 a25    7.02
2 3993.29 m11   8.00
1 4003.04 m5    8.00
1 4022.66 m2     6.87
1 4027.03 a1     8.80
2 4043.50 c40   11.85
1 4050.66 m5    8.00
1 4052.38  m2    8.00
1 4062.70 a200   6.87
1 4063.29 a65    6.87
1 4177.76 a10    7.80
1 4248.96 a15    7.99
1 4259.43 a15    7.88
1 4275.13 m4     7.74
1 4378.20 a55    7.80
1 4415.60 a20    7.88
1 4480.36 a50    6.55
2 4506.00 c38   10.98
1 4507.35 a20    8.32
1 4509.39 a40    7.99
1 4530.82 m2     6.55
1 4539.70 a80    7.88
2 4555.92 c50   10.95
1 4586.95 a130   7.80
1 4642.58 a15    8.09
1 4651.13 m8     7.74
1 4674.76 a50    7.80
2 4681.99 c25   16.84
1 4697.49 a35    7.88
1 4704.60 a45    7.74
1 4794.00 a15    8.09
2 4909.73 c50   16.85
2 4931.65 c50   16.85
2 4953.73 c25   17.11
1 5016.61 a40    7.99
1 5034.36 a10    7.88
2 5051.78 c30   16.88
1 5076.17 a10    8.02
1 5105.54 m40    3.82
1 5144.12 a55    7.80
1 5153.24 m20    6.19
1 5200.87 a50    7.80
1 5212.78 a14    7.88
1 5218.20 m100   6.19
1 5220.07 m16    6.19
1 5292.52 m4     7.74
1 5352.67 a30    7.73
1 5354.95 a25    7.88
1 5360.03 a20    7.99
1 5391.62 a45    7.80
1 5408.34 a10    8.02
1 5432.05 a25    7.80
1 5463.14 a15    7.99
1 5554.94 a10    7.73
1 5700.24 m100   3.817
1 5782.13 m400  3.786
2 6119.55 m25   16.990
1 6127.73 m5    8.815
1 6268.30 m5    8.924
1 6551.58 m5   1.75
1 6555.05 m10  1.75
2 6564.50 m20  1.75
1 6565.54 m25  1.75
1 6599.68 m5    8.825
1 6621.61 m5    8.819
1 6672.23 m5    9.064
1 6741.42 m5    8.786
1 6920.06 m5    8.815
2 7039.47 m5    18.419
2 7404.35 m5   16.564
1 7570.09 m5    6.986
2 7664.65 m5    16.580
2 7825.65 m5   14.976
1 7933.13 m200 5.348
1 8092.63 m400 5.348
2 8501.19 c1   18.419

