1 1998.89 m4200  6.38
2 2007.04 s100   6.40
1 2011.29 a50    7.04
1 2019.07 m1700  6.21
1 2041.71 m2400  6.07
1 2043.79 m1600  6.24
1 2054.46 a50    6.21
1 2057.24 a50    6.91
1 2065.21 m780   6.07
1 2068.66 m2600  6.06
1 2086.03 a70    6.01
1 2094.25 a1000  6.09
3 2100.05 s15   26.09
3 2102.42 s15   26.00
3 2104.45 s25   26.10
1 2105.82 a50    6.06
1 2124.74 a50    6.72
2 2177.66 s30   13.77
1 2186.45 a50    6.55
2 2197.62 c100  13.70
1 2198.73 m340   6.52
2 2205.85 c100  13.70
1 2256.01 a50    6.38
1 2314.20 a500   6.24
1 2327.92 a800   6.21
1 2338.60 a20    7.33
1 2359.23 a20    7.28
1 2379.14 a600   6.09
1 2389.47 a50    6.07
1 2397.88 a70    7.20
1 2417.36 m130   6.01
1 2436.41 a50    7.12
4 2445.38  15   36.99
4 2445.71  15   36.99
1 2467.32 a20    5.20
2 2478.66 c100  14.79
4 2488.25  30   33.05
1 2497.96 m90    4.96
2 2500.54 c500  14.79
1 2533.23 a800   4.96
4 2542.44  20   33.05
1 2556.29 m2     6.88
1 2589.19 a600   4.96
1 2592.54 m500   4.85
1 2644.18 a200   6.72
1 2651.18 m1200  4.85
1 2651.58 m550   4.67
1 2691.35 m500   4.67
2 2704.03 c200  14.38
1 2709.63 m850   4.64
4 2717.44  15   28.19
2 2729.78 c400  14.38
4 2736.09  30   28.19
1 2740.43 a70    6.55
2 2754.59 m650   4.67
2 2770.59 s30   12.53
2 2882.35 s50   12.55
4 2788.61  30   28.07
1 2793.92 m7     6.46
2 2805.67 c20   14.21
1 2829.01 m8     6.41
2 2831.84 c1000 12.44
2 2834.28 c50   14.21
2 2839.68 c75   14.38
2 2845.52 s1000 12.44
2 2853.97 c75   14.38
1 3039.06 m750   4.96
1 3067.01 m60    6.06
1 3124.82 m20    4.85
2 3186.72 c50   13.68
3 3197.56 s25   26.42
3 3211.86 s35   26.42
3 3214.95 s25   26.42
2 3221.64 c100  13.68
3 3255.05 s40   26.43
3 3259.90 s20   26.49
1 3269.49 m110   4.76
2 3312.56 c50   13.76
2 3323.64 c75   13.77
3 3414.27 s20   26.17
3 3434.03 s40   26.17
2 3455.72 c100  13.38
3 3489.09 s40   26.17
2 3499.21 c300  13.38
4 3554.19  60   28.19
4 3676.65  50   28.07
3 3884.78 s15   22.85
3 4178.96 s200  22.62
1 4226.57 m70    4.96
3 4245.41 s12   17.97
3 4260.85 s200  22.57
3 4291.71 s150  22.55
3 4674.36 s10   22.85
1 4685.84 m6     4.67
2 4689.87 c75   15.08
2 4690.02 c50   15.08
2 4741.81 s1000 12.41
2 4814.61 s1000 12.41
2 4824.10 s100  12.41
2 4941.28 s50   12.55
3 5016.88 s10   22.62
2 5131.75 s200  12.43
3 5134.73 s18   22.62
2 5178.65 s500  12.43
1 5265.89 a70    7.03
1 5513.26 a70    7.10

