1    2774.70 m1      0.00
1    2928.79 m1      0.00
2    3281.97 m110    67.00
2    3343.58 m110    67.00
2    3398.98 m900    67.00
2    3414.90 m160    67.00
2    3416.46 m600    67.00
2    3432.63 m130    67.00
2    3425.34 m220    67.00
2    3428.13 m220    67.00
2    3453.14 m360    67.00
2    3456.00 m1800    67.00
2    3461.97 m180    67.00
2    3474.26 m600    67.00
2    3484.84 m700    67.00
2    3494.76 m280    67.00
2    3515.59 m460    67.00
2    3546.05 m180    67.00
2    3556.78 m120    67.00
2    3598.77 m120    67.00
1    3662.29 m180    67.00
1    3731.40 m120    67.00
2    3748.17 m360    67.00
1    3796.75 m1000    67.00
1    3810.73 m1000    67.00
2    3813.25 m100    67.00
2    3837.51 m140    67.00
2    3843.86 m120    67.00
2    3854.07 m200    67.00
2    3861.68 m300    67.00
2    3874.09 m36    67.00
2    3888.96 m340    67.00
2    3891.02 m1500    67.00
2    3905.68 m140    67.00
1    4040.81 m300    67.00
2    4045.44 m600    67.00
1    4053.93 m900    67.00
2    4065.09 m190    67.00
1    4103.84 m1000    67.00
1    4108.62 m320    67.00
1    4120.20 m170    67.00
1    4125.65 m140    67.00
1    4127.16 m480    67.00
1    4136.22 m170    67.00
2    4152.61 m110    67.00
1    4163.03 m900    67.00
1    4173.23 m280    67.00
1    4227.04 m220    67.00
1    4254.43 m140    67.00
1    4350.73 m140    67.00
1    5933.71 m3    67.00
1    6234.17 m2    67.00
1    6255.75 m5    67.00
1    6327.59 m3    67.00
