1 2010.63 m480   6.16
1 2010.63 m480   6.16
1 2022.35 m420   6.48
1 2022.83 n1    1.00
1 2033.57 m750   6.09
1 2044.19 n1    1.00
1 2044.83 n1    1.00
1 2051.16 n1    1.00
1 2052.22 m300   6.82
1 2060.64 m240   6.89
1 2070.51 n1    1.00
1 2080.64 n1    1.00
1 2088.82 m800   5.93
1 2092.63 m700   6.27
1 2103.87 n1    1.00
1 2109.38 n1    1.00
1 2117.72 a1     5.85
2 2126.81 m220   0.00
1 2127.94 m220   5.82
1 2132.56 n1    1.00
1 2148.22 m180   6.65
1 2151.62 n1    1.00
2 2152.68 m170   0.00
1 2158.05 m380   6.09
1 2160.74 a1     7.36
2 2169.42 m280   0.00
1 2178.98 n1    1.00
2 2190.38 m57    0.00
1 2198.85 a1     5.99
1 2220.37 m67    5.93
2 2221.07 m40    0.00
1 2232.25 a1     6.34
1 2233.37 a1     6.77
1 2234.38 n1    1.00
1 2237.09 a4     4.16
1 2238.29 n1    1.00
2 2242.68 m120   0.00
2 2245.76 m30    0.00
1 2246.90 n1    1.00
1 2257.50 n1    1.00
1 2258.51 m17    6.71
2 2281.02 m48    0.00
1 2290.80  n1    1.00
1 2304.22 m130   5.73
1 2329.42  n1    1.00
1 2353.12 a1     7.47
1 2363.04 m120   6.04
2 2368.04 m17    0.00
1 2372.77 m150   5.22
1 2381.82  n1    1.00
1 2386.89 m63    5.98
1 2390.62 m110   5.53
1 2391.18 m130   5.53
1 2398.75  n1    1.00
1 2431.94 m71    5.60
1 2452.81 m44    5.40
1 2455.61 m65    5.05
1 2475.12 m160   5.01
1 2481.18 m100   5.00
1 2502.98 m200   4.95
1 2533.13 m48    6.12
1 2534.46 m55    5.24
1 2543.97 m380   5.22
1 2546.03 m38    5.75
1 2564.18 m44    5.71
1 2577.27 m36    5.69
1 2592.06 m36    4.78
1 2608.25 m34    5.54
1 2611.30 m85    5.10
1 2639.71 m170   4.70
1 2661.98 m130   5.01
1 2664.79 m200   4.65
1 2668.99 m10    5.00
1 2669.91 m38    5.15
1 2671.84 m38    5.36
1 2694.23 m220   4.95
1 2797.35 m40    5.15
1 2797.70 m120   4.78
1 2823.18 m50    4.39
1 2824.45 m90    4.74
1 2836.40 m60    4.87
1 2839.16 m80    5.99
1 2840.22 m60    5.15
1 2849.73 m280   4.35
1 2882.64 m60    4.65
1 2897.15 m48    4.99
1 2924.79 m320   4.24
1 2934.64 m90    5.01
1 2936.68 m65    4.73
1 2943.15 m200   4.99
1 2951.22 m85    4.20
1 2996.08 m29    4.64
1 3002.25 m16    5.35
1 3003.63 m44    5.01
1 3025.82 m8     5.82
1 3029.36 m28    4.87
1 3032.41 m5     5.60
1 3047.16 m22    5.69
1 3068.89 m160   4.39
1 3088.04 m38    4.73
1 3100.29 m50    4.35
1 3100.45 m50    4.78
1 3120.76 m34    4.75
1 3133.32 m34    4.75
1 3140.41 m7     5.55
1 3159.15 m19    5.15
1 3168.88 m48    4.69
1 3212.12 m60    4.74
1 3220.78 m500   4.20
1 3241.52 m46    4.33
1 3266.44 m38    4.51
1 3368.48 m55    4.03
1 3437.02 m65    4.39
1 3448.97 m40    4.10
1 3513.65 m320   3.52
1 3522.03 m40    4.02
1 3558.99 m32    4.20
1 3573.72 m120   4.35
1 3617.21 m19    4.65
1 3628.67 m65    4.20
1 3636.20 m22    4.87
1 3661.71 m30    5.01
1 3664.62 m30    4.10
1 3674.98 m32    5.00
1 3725.39 m14    5.69
1 3728.03  n1    1.00
2 3731.36 m20    0.00
1 3734.77 a4     4.20
1 3738.53 m14    4.10
1 3747.20 m55    4.02
1 3768.68 m7     4.75
1 3790.53  n1    1.00
1 3800.12 m320   3.26
1 3833.88  n1    1.00
1 3915.38 m50    4.39
1 3934.84 m44    4.03
1 3946.27 m13    5.21
1 3976.31 m65    4.74
1 3992.12 m50    4.33
1 4020.03 m20    6.35
1 4033.76 m38    4.70
1 4092.61 m11    4.65
1 4100.15 a4     7.10
1 4115.78 m15    4.74
1 4117.60 a2     7.05
1 4155.70 m3     6.51
1 4166.04 m1     4.20
1 4172.56 m10    5.02
1 4182.47 m4     7.00
1 4259.11 m8     3.26
1 4265.31 m3     4.51
1 4268.10 m28    3.79
1 4286.62 m8     4.41
1 4301.60 m8     4.93
1 4310.59 m6     4.39
1 4311.50 m24    4.10
1 4351.30 m2     5.15
1 4352.56 m2     5.21
1 4377.01 a4     7.71
1 4392.59 m2     4.87
1 4399.47 m18    7.46
1 4403.78 m7     4.33
1 4426.27 m12    4.02
1 4450.18 m1     4.78
1 4478.48 m6     4.39
1 4495.35 m1     6.88
1 4532.87 a3     4.73
1 4545.68 m6     4.35
1 4548.49 m3     6.51
1 4550.78 m1     4.33
1 4568.09 m4     4.02
1 4570.02 m2     5.60
1 4616.39 m7     4.20
1 4656.18 m2     4.39
1 4728.88 m5     4.35
1 4778.16 m6     4.20
