2 1965.37 s2     9.42
1 2014.25 a4     6.36
2 2019.04 s3     9.21
2 2020.97 s3     9.21
1 2025.40 a3     6.28
1 2026.62 a5     6.12
2 2029.19 s3     9.21
1 2034.44 a3     6.30
1 2035.07 a5     6.12
1 2047.35 a3     6.08
1 2052.04 a4     6.04
1 2055.50 a5     6.30
1 2059.92 a4     6.04
1 2060.20 a2     6.12
1 2063.39 a2     6.11
1 2064.39 a2     6.22
1 2069.04 a3     0.00
1 2069.50 a3     6.10
1 2082.87 a2     6.12
1 2088.98 a3     6.04
2 2093.55 s2     7.08
1 2095.73 a2     6.07
2 2107.94 s4     9.91
1 2111.72 a2     6.04
2 2113.51 s3     9.89
1 2121.40 a2     5.87
1 2124.11 a1     0.00
1 2124.81 a1     6.25
2 2125.12 s2     6.99
2 2128.57 s3     7.08
1 2129.96 a3     5.84
2 2134.28 s2     8.76
1 2134.93 a4     5.83
2 2138.60 s2     6.59
1 2147.80 a8     5.88
1 2157.83 a3     5.85
1 2158.31 a6     5.77
2 2158.73 s2     6.99
2 2161.21 s2     6.99
2 2165.56 s10    6.76
2 2169.10 s8     6.87
1 2172.48 a3     5.91
2 2174.67 s8     6.86
2 2175.16 s6     6.95
2 2180.46 s3     8.76
2 2184.61 s6     6.99
2 2185.51 s3     8.77
1 2190.23 a3     5.76
1 2197.35 a3     5.85
2 2201.41 s51    6.95
1 2201.59 a2     6.05
2 2206.70 s6     6.87
2 2210.38 s5     6.76
2 2216.47 s25    6.63
2 2220.40 s2     8.45
2 2222.95 s5     6.61
2 2224.88 s5     6.73
2 2226.34 s4     6.82
1 2244.53 a1     0.00
2 2253.86 s5     6.82
1 2254.80 a2     5.50
2 2256.15 s2     9.16
1 2259.57 a3     5.59
1 2261.41 a3     5.48
2 2264.46 s7     6.72
1 2266.35 a1     5.50
2 2270.21 s10    6.61
2 2274.75 s2     8.52
2 2277.31 s2     8.39
2 2278.77 s7     7.13
2 2287.08 s5     7.28
1 2289.98 m100   5.41
2 2296.56 s8     7.08
2 2297.13 s8     6.65
2 2297.49 s5     6.72
2 2298.28 s8     7.24
2 2299.65 s2     8.25
2 2300.10 s4     8.25
1 2300.77 m43    5.41
2 2302.48 s2     9.42
2 2302.98 s15    6.54
2 2305.24 s2     8.45
2 2307.79 s2     8.45
2 2308.52 s3     8.97
1 2310.97 m150   5.36
1 2312.34 m110   5.52
2 2312.91 s5     9.39
1 2313.98 m22    5.63
2 2316.03 m32    6.38
1 2317.16 m100   5.51
2 2318.48 s3     8.45
2 2319.73 s3     8.44
1 2320.03 m190   5.34
1 2321.38 m130   5.61
1 2325.79 m110   5.49
2 2326.44 s4     6.65
2 2334.56 s7     6.99
2 2336.59 s1     8.25
2 2336.70 s4     8.97
1 2337.49 m32    5.30
2 2341.18 s10    8.90
2 2343.48 s3     8.39
2 2345.26 s7     9.32
2 2345.44 s4     6.54
1 2345.55 m83    5.28
2 2350.84 s2     6.95
1 2355.06 a3     5.29
2 2356.41 s6     7.12
1 2356.87 a3     5.32
1 2358.87 a2     5.28
1 2360.64 m11    5.52
1 2362.06 m14    5.41
2 2366.56 s2     8.31
2 2367.40 s5     6.39
2 2375.42 s7     7.08
1 2386.58 m17    5.30
2 2387.77 s6     6.87
2 2392.58 s3     8.25
2 2394.52 m23    6.85
2 2394.84 s3     8.25
1 2401.84 a2     5.32
2 2405.17 s2     8.75
1 2412.64 a5     5.30
2 2413.05 s2     6.99
2 2416.14 m15    6.98
1 2419.31 m17    5.29
1 2421.23 m6     5.28
1 2423.33 m5     5.28
1 2423.66 m5     5.39
1 2424.03 m5     5.32
2 2431.57 s2     8.77
2 2433.57 s2     6.95
1 2434.42 a1     5.51
2 2437.89 m7     6.76
1 2441.83 a3     5.29
1 2450.47 a1     5.48
1 2453.99 m6     5.32
2 2455.51 s2     6.73
1 2465.26 a1     5.30
1 2466.96 a1     5.45
2 2473.15 s4     6.87
1 2476.87 m6     5.00
1 2483.29 a3     0.00
2 2484.33 s2    11.38
1 2489.51 a1     5.00
1 2490.70 a2     0.00
1 2491.19 a2     0.00
1 2501.13 a1     0.00
2 2505.84 s5     8.55
2 2510.87 s8     6.61
1 2524.22 a2     5.02
2 2525.39 s2    11.44
1 2528.05 a1     5.32
1 2532.08 a1     5.00
1 2540.02 a1     5.30
2 2545.90 s5     6.72
2 2547.19 s1     8.89
1 2547.41 a1     5.29
2 2549.56 s2     8.46
1 2553.38 a1     5.02
2 2555.13 s3    11.58
2 2560.30 s3    11.66
1 2561.42 a1     5.00
2 2566.08 s4    11.44
1 2578.47 a1     5.02
2 2584.01 s2     8.46
2 2588.31 s1     8.39
2 2601.13 s2    11.39
2 2605.35 s1    11.58
2 2606.39 s2    11.74
2 2610.09 s6    11.39
2 2611.65 s1     8.77
2 2615.19 s4    11.59
2 2626.56 s1    11.44
2 2630.28 s2     6.39
2 2631.52 s1    11.66
2 2632.89 s1    11.58
2 2647.06 s1    11.44
2 2648.72 s1     6.54
2 2655.47 s1    11.74
2 2655.91 s1    11.66
2 2665.25 s1     8.25
2 2670.33 s1     8.30
2 2679.24 s2    11.59
2 2684.41 s5    11.37
2 2690.64 s1    11.59
1 2696.49 m3     5.02
2 2708.79 s2    11.44
2 2742.99 s4    11.59
1 2746.75 a2     4.54
2 2759.02 s2    11.74
2 2768.79 s2    11.59
2 2775.33 s2    11.74
1 2798.65 m12    4.54
1 2802.27 a1     0.00
1 2805.08 a1     4.42
2 2805.67 s2     8.44
1 2821.29 m20    4.42
2 2825.24 s1     7.26
1 2834.55 a1     4.54
1 2838.96 a1     6.04
2 2842.42 s2     8.39
2 2863.70 s6     7.29
2 2864.15 s1    11.46
1 2907.46 m5     4.54
2 2913.59 s4     7.11
1 2914.01 m2     4.42
1 2943.91 m40    4.23
2 2947.45 s2     7.28
1 2981.65 m46    4.27
1 2984.13 m20    4.16
1 2992.60 m40    4.17
1 2994.46 m80    4.17
1 3002.49 m320   4.16
1 3003.63 m180   4.24
1 3012.00 m300   4.54
1 3019.14 m28    4.11
1 3031.87 m10    4.09
1 3037.94 m140   4.11
1 3045.01 m12    4.24
1 3050.82 m280   4.09
1 3054.32 m120   4.17
1 3057.64 m150   4.27
1 3064.62 m40    4.16
1 3080.76 m38    4.24
2 3087.08 s5     7.12
1 3097.12 m24    4.17
1 3099.12 m19    4.17
1 3101.66 m240   4.11
1 3101.88 m120   4.42
1 3105.47 m20    4.27
1 3107.71 a1     4.16
1 3114.12 m25    4.09
1 3129.31 a4     4.24
1 3134.11 m260   4.17
1 3145.72 m5     4.11
1 3181.74 m5     5.83
1 3183.25 a2     5.84
1 3184.37 m9     4.17
1 3195.57 m5     4.16
1 3197.11 m14    4.09
1 3200.42 a2     3.90
1 3202.14 m5     7.06
1 3209.91 a2     7.17
1 3217.83 m16    7.04
1 3221.27 m9     7.68
1 3221.65 m14    3.85
1 3225.02 m19    4.27
1 3226.98 a2     3.84
1 3232.96 m100   3.84
1 3234.65 m26    3.94
1 3243.06 m55    3.85
1 3248.46 m9     4.84
1 3249.44 a3     4.09
1 3250.74 m11    4.24
1 3271.12 m9     3.90
1 3281.88 a2     7.32
1 3282.70 m11    3.94
1 3282.83 a2     7.25
1 3286.95 a4     3.80
1 3304.95 a3     7.17
1 3310.20 a2     4.17
1 3312.32 a5     7.16
1 3315.66 m60    3.85
1 3320.26 m30    3.90
1 3322.31 m28    4.16
1 3359.11 a4     7.17
1 3361.56 m30    3.80
1 3362.81 a3     3.90
1 3363.61 a2     7.16
1 3365.77 m30    4.11
1 3366.17 m30    3.85
1 3366.81 m6     7.06
1 3367.89 m6     3.70
1 3369.57 m260   3.67
1 3371.99 m36    3.84
1 3374.22 m24    3.69
1 3374.64 m12    7.05
1 3376.33 a2     7.15
1 3380.57 m300   4.09
1 3380.85 m22    3.94
1 3391.05 m120   3.65
1 3392.99 m300   3.67
1 3401.17 a4     7.06
1 3403.43 a4     7.06
2 3407.30 s2     6.72
1 3409.58 m12    3.63
1 3413.48 m30    3.80
1 3413.94 m30    3.73
1 3414.77 m750   3.65
1 3420.74 a2     3.90
1 3421.34 a4     7.16
1 3423.71 m150   3.84
1 3433.56 m240   3.63
1 3437.28 m90    3.60
1 3446.26 m440   3.70
1 3452.89 m120   3.69
1 3458.47 m460   3.80
1 3461.65 m460   3.60
1 3467.50 m18    3.73
1 3469.49 m22    3.85
1 3472.55 m150   3.67
1 3483.77 m59    3.84
1 3485.89 m12    3.77
1 3492.96 m500   3.65
1 3500.85 m60    3.70
1 3502.60 m6     3.53
1 3507.69 m5     3.69
1 3510.34 m240   3.74
1 3513.93 m24    3.73
1 3515.05 m600   3.63
1 3516.22 a2     7.06
1 3518.63 a4     7.06
1 3519.77 m60    3.80
1 3523.44 a5     3.54
1 3524.54 m750   3.54
1 3527.98 m10    3.67
1 3530.60 a2     7.05
1 3548.19 m30    3.71
1 3551.53 m5     3.65
1 3553.48 a4     3.59
1 3561.75 m6     3.48
1 3566.37 m460   3.90
1 3571.87 m90    3.63
1 3587.93 m12    3.48
1 3597.71 m120   3.65
1 3602.28 a12    3.60
1 3606.85 a20    7.27
1 3609.31 a12    3.54
1 3610.46 m120   3.54
1 3612.74 m48    3.70
1 3619.39 m600   3.85
1 3624.73 m12    3.41
1 3634.94 a8     3.84
1 3661.95 a3     3.59
1 3664.10 m18    3.65
1 3669.24 m12    3.54
1 3670.43 m16    3.54
1 3674.15 m24    3.80
1 3688.42 m16    3.63
1 3693.93 m8     3.46
1 3722.48 m12    3.54
1 3730.75 a1     3.59
1 3736.81 m15    3.73
1 3739.23 m6     3.48
1 3749.05 a4     3.30
2 3769.46 s1     6.39
1 3775.57 m60    3.71
1 3778.06 a2     3.30
1 3783.53 m70    3.70
1 3792.34 a3     3.54
1 3793.61 a4     3.54
1 3807.14 m70    3.67
1 3831.69 m12    3.65
1 3832.87 a1     3.39
1 3858.30 m130   3.63
1 3889.67 m3     3.39
1 3908.93 a2     6.78
1 3912.31 a2     6.96
1 3944.10 a3     6.78
1 3970.50 a5     6.78
1 3972.17 m4     3.54
1 3973.56 m12    3.54
1 3974.65 a4     6.97
1 3984.14 a3     6.79
1 3993.95 a1     6.78
1 4195.53 a1     7.04
1 4200.46 a2     6.25
1 4201.72 a2     7.04
1 4284.68 a3     6.08
1 4288.01 a7     6.73
1 4295.89 a4     6.73
1 4325.61 a3     6.17
1 4331.65 a6     4.54
1 4359.59 a4     6.24
1 4384.54 a2     6.29
1 4401.55 m12    6.00
1 4410.52 a1     6.11
1 4459.04 m9     6.08
1 4462.46 m2     6.24
1 4470.48 m6     6.17
1 4519.99 a1     4.42
1 4546.93 a2     6.89
1 4547.23 a1     6.36
1 4592.53 m4     6.24
1 4600.37 m2     6.29
1 4604.99 a4     6.17
1 4606.23 m2     6.29
1 4648.66 m8     6.08
1 4655.66 a1     6.36
1 4666.99 a1     6.45
1 4667.77 a1     6.36
1 4686.22 m2     6.24
1 4698.41 a1     6.73
1 4701.34 a1     6.12
1 4701.54 a1     6.73
1 4703.81 a2     6.30
1 4714.42 m10    6.00
1 4715.78 m2     6.17
1 4731.81 a1     6.45
1 4732.47 a1     6.73
1 4752.12 a1     6.29
1 4752.43 a2     6.26
1 4754.77 a1     6.24
1 4756.52 m3     6.08
1 4762.63 a1     4.54
1 4763.95 m1     6.25
1 4786.54 m4     6.00
1 4807.00 m2     6.25
1 4808.86 a1     6.29
1 4821.14 a1     6.73
1 4829.03 m2     6.10
1 4831.18 m1     6.17
1 4832.70 a1     6.36
1 4838.65 a1     6.73
1 4843.17 a1     4.24
1 4852.56 a1     6.09
1 4855.41 m4     6.09
1 4857.38 a1     6.29
1 4864.28 a1     6.29
1 4866.27 m3     6.08
1 4870.85 a1     6.29
1 4873.44 m1     6.24
1 4874.81 a1     6.08
1 4886.99 a1     6.17
1 4904.41 m3     6.06
1 4912.03 a1     6.29
1 4913.97 a1     6.26
1 4918.36 m2     6.36
1 4925.58 a1     6.17
1 4935.83 m1     6.45
1 4937.34 a2     6.11
1 4945.46 a1     6.31
1 4953.20 a1     6.24
1 4971.35 a1     7.03
1 4980.16 m3     6.09
1 4984.13 m3     6.29
1 4996.85 a1     6.11
1 4998.23 a1     6.08
1 5000.34 m1     6.11
1 5003.75 a1     4.16
1 5010.05 a1     6.24
1 5010.96 a1     6.10
1 5012.46 m1     6.17
1 5014.24 a1     6.89
1 5017.59 m4     6.00
1 5018.29 a1     6.31
1 5035.37 m8     6.09
1 5035.96 a1     6.11
1 5038.60 a1     6.30
1 5039.26 a1     6.09
1 5041.08 a1     6.29
1 5042.20 a1     6.11
1 5048.08 a1     6.29
1 5048.85 m1     6.31
1 5051.53 a1     6.10
1 5058.03 a1     6.08
1 5079.96 a1     4.27
1 5080.52 m8     6.09
1 5081.11 m5     6.29
1 5082.35 a1     6.10
1 5084.08 m2     6.11
1 5088.53 a1     6.29
1 5088.96 a1     6.11
1 5094.42 a1     6.26
1 5096.87 a1     6.17
1 5099.32 m1     6.08
1 5099.95 m2     6.10
1 5102.97 a1     4.11
1 5115.40 m1     6.25
1 5121.57 a1     6.36
1 5125.21 a1     6.09
1 5129.38 m1     6.09
1 5137.08 m1     4.09
1 5139.26 a1     6.06
1 5142.77 m1     6.11
1 5146.48 m3     6.11
1 5155.14 a1     6.31
1 5155.75 m3     6.31
1 5168.66 m1     6.09
1 5176.57 m1     6.30
1 5184.59 a1     6.09
1 5235.35 a1     0.00
1 5353.42 a1     4.27
1 5371.45 a1     6.72
1 5411.23 a1     6.38
1 5424.65 a1     4.24
1 5435.87 m0     4.27
1 5462.49 a1     6.11
1 5476.91 m14    4.09
1 5510.00 m0     6.09
1 5578.73 m0     3.90
1 5587.87 m0     4.16
1 5589.38 a1     6.11
1 5592.28 m1     4.17
1 5593.74 a1     6.11
1 5600.04 m2 6.303
3 5606.412 m4 25.156
1 5614.79 m30 6.361
1 5625.32 m35 6.293
1 5642.66 m100 6.095
2 5648.73 m6 17.052
1 5649.697 m4 6.361
3 5649.79 m6 24.890
1 5664.02 m5 6.726
2 5678.00 m5 16.860
1 5682.20 m15 6.287
1 5695.00 m9 6.266
1 5709.56 m42 3.847
1 5711.90 m20 4.105
1 5715.086 m20 6.257
3 5731.10 m43 0.00
1 5754.68 m37 4.089
1 5760.85 m16 6.257
2 5763.30 m33 16.817
1 5805.23 m9 6.302
3 5805.540 c1 0.00
3 5811.670 m3 0.00
2 5827.81 m12 16.866
1 5847.01 m3 3.796
1 5857.76 m16 6.283
2 5865.22 m3 13.709
2 5873.86 m3 16.596
1 5892.878 m10 4.089
2 5892.94 m27 16.770
2 5916.58 m8 16.516
3 5947.40 m5 0.00
3 5966.71 m33 0.00
2 5968.10 m89 16.319
2 6004.72 m500 16.968
3 6040.70 m2 28.138
3 6075.780 m94 24.787
1 6108.121 m10 3.706
2 6117.943 m5 17.052
2 6126.671 m3 13.619
2 6161.346 m95 14.356
2 6175.30 m74 16.860
1 6176.813 m10 6.095
1 6191.19 m10 3.679
2 6203.72 m101 16.270
2 6210.79 m96 16.681
2 6215.21 m88 16.898
2 6222.72 m3 16.898
1 6256.365 m13 3.658
2 6290.15 m3 16.640
2 6314.48 m13 16.866
1 6314.666 m10 3.898
3 6327.46 m3 26.842
2 6328.14 m4 16.981
2 6341.26 m3 15.231
2 6352.48 m4 16.973
2 6363.30 m40 16.681
2 6365.97 m11 16.688
2 6366.43 m30 16.973
1 6383.66 m3 6.109
2 6384.54 m4 17.171
3 6400.61 m26 25.323
2 6404.16 m28 16.209
2 6413.74 m3 16.688
2 6426.67 m8 15.117
2 6435.39 m78 14.858
2 6449.98 m95 14.879
2 6465.68 m90 16.796
2 6467.82 m3 16.159
2 6469.25 m89 16.655
2 6471.36 m5 15.059
2 6482.67 m3 16.824
2 6486.04 m88 16.823
2 6536.66 m2 14.356
2 6563.89 m7 16.930
2 6574.54 m4 16.157
2 6586.26 m3 16.621
2 6587.71 m5 15.857
2 6613.86 m3 16.230
2 6643.40 m14 16.596
1 6643.641 m16 3.542
2 6677.86 m3 15.140
1 6700.90 m3 6.116
2 6718.35 m17 16.545
2 6723.26 m92 16.866
1 6767.778 m22 3.658
1 6772.36 m9 5.488
1 6914.562 m10 3.743
1 7110.91 m5 3.679
1 7122.24 m26 5.283
1 7182.00 m6 5.469
1 7197.07 m5 3.658
1 7261.94 m5 3.658
1 7291.48 m5 3.635
1 7385.24 m4 4.419
1 7393.63 m16 5.283
1 7409.39 m16 5.469
1 7414.51 m5 3.658
1 7422.30 m23 5.305
1 7522.78 m13 5.305
1 7525.14 m9 5.283
1 7555.60 m19 5.488
1 7574.08 m8 5.469
1 7617.00 m23 5.283
1 7619.21 m9 5.305
1 7714.27 m16 3.542
1 7715.63 m5 5.305
1 7727.66 m19 5.283
1 7748.93 m19 5.305
1 7788.95 m10 3.542
1 7797.62 m13 5.488
1 7917.48 m2 5.305
2 8495.71 c1 14.917
 
