1 2001.45 m800   6.19
1 2003.73 m1100  6.70
0 2004.78 m750   1.00
1 2010.15 m1400  1.00
1 2018.14 m2400  6.14
1 2020.26 m2400  1.00
1 2022.76 m1200  6.47
1 2028.23 m1200  6.63
1 2034.44 m1500  6.09
1 2045.36 m2200  6.06
1 2048.28 m650   6.39
1 2049.42 m650   6.56
1 2058.69 m720   1.00
1 2058.78 m720   6.54
1 2061.69 m1100  6.35
2 2067.21 m650   6.44
1 2076.95 m600   5.97
1 2079.97 m1200  5.96
1 2097.60 m500   6.55
1 2117.96 m380   5.85
0 2119.79 m550   1.00
1 2137.11 m450   6.30
1 2158.53 m100   6.08
1 2159.98 a10    6.49
1 2160.83 m210   5.73
2 2164.85 s8     6.45
1 2167.75 m92    5.71
1 2188.97 a8     6.00
2 2194.39 m72    6.09
2 2255.85 m170   5.49
1 2270.17 m84    5.80
2 2282.26 m120   5.43
1 2283.67 m71    5.94
2 2236.80 m61    5.75
2 2350.23 m19    5.96
1 2362.77 m73    5.25
2 2367.35 m42    5.72
1 2369.24 m25    6.31
1 2371.18 m42    6.31
1 2377.03 m230   5.85
1 2377.61 m22    6.62
1 2396.77 m19    6.75
2 2423.07 m17    6.09
1 2424.97 m120   5.11
1 2451.73 m44    5.39
1 2456.46 m44    5.38
1 2461.42 m150   5.67
1 2488.55 m380   5.62
1 2492.37 m30    5.73
1 2513.25 m200   5.57
2 2538.00 m65    4.89
1 2542.51 m85    5.96
2 2580.03 m12    6.44
1 2581.96 m70    5.44
1 2590.76 m95    5.30
1 2613.06 m170   5.38
1 2637.13 m360   4.70
1 2644.11 m180   4.69
1 2658.60 m180   5.30
1 2689.82 m200   5.25
1 2699.59 m48    5.96
1 2706.70 m55    4.92
1 2714.64 m280   4.57
1 2720.04 m120   4.90
1 2721.86 m80    5.07
1 2732.81 m55    5.17
1 2761.42 m65    5.00
1 2796.73 m50    4.77
1 2804.07 m30    6.33
1 2806.91 m260   4.42
1 2814.20 m70    4.74
1 2838.63 m480   5.00
1 2844.40 m220   4.99
1 2850.76 m140   4.69
1 2860.96 m140   4.97
1 2872.41 m16    4.31
1 2874.96 m34    5.39
1 2909.06 m900   4.26
1 2912.33 m200   4.77
1 2919.79 m200   4.58
1 2948.23 m100   4.91
1 2949.53 m130   4.53
1 2970.97 m70    4.68
1 3003.48 m16    5.54
1 3013.07 m34    4.45
1 3015.65 m12    5.77
1 3017.25 m60    5.19
1 3018.04 m460   4.11
1 3019.38 m50    4.82
1 3030.70 m120   4.73
1 3032.81 m10    5.74
1 3040.90 m300   4.42
2 3042.74 m12    5.49
1 3043.51 m22    4.79
1 3043.64 m12    5.33
1 3044.41 m6     5.73
1 3044.91 m16    5.44
1 3049.46 m24    4.82
1 3050.39 m22    6.86
1 3051.17 m12    4.70
1 3054.97 m10    5.42
1 3055.21 m16    5.80
1 3058.66 m900   5.80
1 3060.31 m30    4.56
1 3062.19 m60    4.56
1 3066.12 m8     5.93
1 3069.94 m22    4.75
1 3074.08 m38    4.79
1 3074.96 m30    6.83
1 3077.06 m19    5.11
1 3077.44 m30    5.39
1 3077.72 m120   5.11
1 3078.11 m38    4.74
1 3078.38 m24    4.54
1 3084.60 m6     5.67
1 3086.27 m6     5.90
1 3087.75 a8     5.42
1 3088.27 a10    5.38
1 3090.09 m24    5.85
1 3090.30 m15    4.35
1 3090.49 m12    5.85
1 3093.59 m28    5.75
1 3101.53 m32    5.41
1 3104.98 m10    5.65
1 3105.99 m38    4.50
1 3108.98 m32    4.70
1 3109.38 m65    4.74
1 3111.09 m26    5.24
1 3114.81 m12    5.56
1 3116.48 m12    5.72
1 3118.12 m10    6.78
1 3118.33 m32    7.11
1 3129.23 m13    6.15
1 3131.12 m50    5.80
1 3140.31 m10    5.83
1 3140.94 a8     6.31
1 3145.96 a10    5.71
1 3152.07 m10    7.03
1 3152.67 m26    5.19
1 3153.61 m30    5.51
1 3156.25 m320   4.57
1 3156.78 m26    6.83
1 3157.24 m14    6.83
1 3161.45 m13    6.28
1 3161.73 m12    5.00
1 3164.61 m9     5.80
1 3166.51 m32    6.82
1 3168.28 m13    5.80
1 3173.20 m13    5.56
1 3173.93 m19    7.43
1 3178.07 m44    4.41
1 3178.24 a13    5.51
1 3181.88 m24    5.67
1 3182.57 m18    5.64
1 3185.33 m24    4.23
1 3186.98 m32    5.30
1 3187.34 m6     5.54
1 3189.46 m32    4.97
1 3194.23 m32    5.63
1 3194.69 a8     5.77
1 3195.38 m20    5.25
2 3213.31 m16    5.49
1 3223.86 a16    6.31
1 3227.28 a20    5.62
1 3229.21 a20    6.20
1 3231.42 a24    5.74
1 3232.06 m200   4.35
1 3232.54 a24    5.67
1 3234.20 a24    5.67
1 3234.73 a16    5.67
1 3238.63 m30    4.54
1 3241.04 m20    5.19
1 3252.01 a8     5.39
1 3254.91 m20    5.65
1 3256.92 m20    5.17
1 3260.30 m20    5.38
1 3262.29 m320   4.32
1 3262.75 m40    4.88
1 3264.69 a16    6.40
1 3267.95 m320   3.80
1 3269.21 m65    4.50
1 3275.20 m55    4.50
1 3277.97 m34    5.19
1 3290.26 m130   4.10
1 3301.56 m800   3.76
1 3306.23 m26    5.33
1 3310.91 m65    5.11
1 3315.42 m13    4.45
1 3324.33 m26    5.38
1 3327.43 m32    5.56
1 3336.15 m100   4.23
1 3351.74 m11    4.45
1 3357.97 m24    5.44
1 3361.15 m26    4.77
1 3364.12 m20    4.02
1 3370.20 m13    5.42
1 3370.59 m100   4.32
1 3378.68 m13    6.13
1 3384.00 m32    5.25
1 3387.84 m65    4.92
1 3401.86 m65    4.73
1 3402.51 m26    3.64
1 3427.67 m16    4.70
1 3444.46 m13    5.44
1 3445.55 m17    5.44
1 3449.20 m32    5.00
1 3455.03 m7     5.24
1 3458.39 m13    5.42
1 3459.02 a16    6.47
1 3465.44 m13    5.77
1 3478.53 m13    5.75
1 3487.46 m13    6.02
1 3498.54 m17    4.80
1 3501.16  5     0.00
1 3504.66 m65    4.05
1 3518.73 m32    6.70
1 3523.64 m50    3.52
1 3526.04 m13    4.88
1 3428.60 m130   3.51
1 3530.06 m24    4.77
1 3532.80 m24    4.02
1 3542.71 m24    5.24
1 3559.79 m100   4.57
1 3560.96 m130   4.57
1 3562.34 m13    4.56
1 3569.78 m32    4.88
1 3587.32 m13    5.07
1 3598.11 m65    3.78
1 3601.83 m20    4.70
2 3604.48 m10    4.88
1 3616.57 m26    4.69
1 3619.43 m13    5.33
1 3640.33 m44    5.25
1 3648.81 m5     5.41
1 3654.49 m22    5.30
1 3656.90 m32    3.72
1 3670.89 m46    4.74
1 3689.06 m24    4.73
1 3703.25 m18    5.54
1 3706.56 m12    5.63
1 3712.84 m8     5.25
1 3713.73 m22    5.24
1 3719.52 m20    5.17
1 3720.13 m22    4.42
1 3746.47 m17    5.08
1 3752.52 m360   3.64
1 3766.30 m13    4.70
1 3768.14 m12    4.70
1 3774.40 m12    5.63
1 3774.62 m11    4.90
1 3776.25 m12    4.90
1 3776.99  4     0.00
1 3782.20 m200   3.80
1 3790.14 m60    5.11
1 3790.73 m17    5.11
1 3800.44 a8     6.78
1 3827.14 m8     6.24
1 3836.06 m24    4.31
1 3840.30 m13    6.83
1 3843.67 m7     5.11
1 3849.94 m17    4.80
1 3853.44 a16    5.41
1 3857.09 m20    3.73
1 3865.47 m20    6.34
1 3876.77 m65    4.56
1 3881.86 m22    4.45
1 3900.39 m12    3.52
1 3901.71 m17    4.26
1 3928.54 m4     3.79
1 3930.00 m9     4.99
1 3938.59 m22    4.23
1 3939.57 m8     4.80
1 3949.78 m9     6.86
1 3960.51 m8     5.47
1 3961.02 m18    4.97
1 3963.63 m90    3.64
1 3964.97 m9     3.46
1 3969.67 m13    4.96
1 3975.44 m10    4.70
1 3977.23 m65    3.75
1 3988.18 m9     4.88
1 3996.81 m4     3.10
1 3998.93 m5     5.56
1 4003.48 m13    5.00
1 4004.02 m9     4.50
1 4018.26 m14    4.74
1 4037.84 m9     3.78
1 4041.92 m25    5.47
1 4066.69 m85    5.85
1 4074.68 m20    4.88
1 4088.44 m6     4.92
1 4091.82 m44    3.78
1 4100.30 m11    4.11
1 4112.02 m110   3.72
1 4128.96 m16    3.52
1 4135.78 m220   3.51
1 4137.84 m13    4.88
1 4158.78 m6     4.73
1 4172.57 m16    4.23
1 4173.23 m110   3.60
1 4175.63 m55    4.05
1 4189.91 m28    4.54
1 4195.14 m5     4.70
1 4202.06 m22    4.73
1 4211.86 m110   5.85
1 4260.85 m440   2.91
1 4293.95 m50    4.73
1 4311.40 m50    3.51
1 4328.68 m30    4.23
1 4365.67 m19    4.45
1 4370.66 m10    4.74
1 4394.86 m46    4.23
1 4402.74 m14    6.33
1 4420.47 m440   2.80
1 4436.32 m26    3.13
1 4447.35 m20    4.56
1 4479.81 m8     4.35
1 4484.76 m11    4.02
1 4488.60 m4     3.10
1 4525.87 m6     4.11
1 4529.67 m6     4.35
1 4537.62 m3     4.74
1 4539.92 m6     3.44
1 4548.66 m10    4.56
1 4550.41 m48    4.56
1 4551.30 m12    4.56
1 4595.04 m8     6.34
1 4597.16 m8     4.11
1 4616.78 m15    4.05
1 4632.83 m15    4.56
1 4663.82 m12    4.56
1 4692.06 m6     4.05
1 4743.89 m4     4.80
1 4793.99 m60    3.10
1 4815.96 m4     6.33
1 4865.60 m10    5.56
1 4899.22 m4     6.04
1 4912.61 m6     4.11
1 5039.12 m4     4.80
1 5149.74 m12    7.11
1 5376.79 m10    4.05
1 5416.35 m11    6.04
1 5416.69 m4     2.80
1 5443.31 m5     4.02
1 5528.53 m24    5.85
1 5584.44 m7     4.11
1 5600.50 m80    6.78
1 5721.93 m170   2.80
1 5780.82 m170   4.05
1 5857.76 m110   4.02

