2 2802.75 m26    0.00
2 2809.32 m26    0.00
2 2897.46 m34    0.00
2 3053.55 m48    0.00
2 3072.60 m28    0.00
2 3078.86 m70    0.00
2 3082.36 m50    0.00
2 3089.58 m50    0.00
2 3102.97 m50    0.00
2 3117.89 m30    0.00
2 3119.62 m30    0.00
2 3139.64 m46    0.00
2 3147.04 m32    0.00
2 3147.13 m32    0.00
2 3148.71 m32    0.00
2 3162.93 m30    0.00
2 3167.52 m40    0.00
2 3174.66 m40    0.00
2 3180.54 m40    0.00
2 3187.25 m50    0.00
2 3188.03 m30    0.00
2 3195.60 m40    0.00
2 3199.56 m50    0.00
2 3218.93 m120   0.00
2 3219.95 m130   0.00
2 3252.34 m50    0.00
2 3266.40 m42    0.00
2 3274.19 m26    0.00
2 3274.33 m26    0.00
2 3280.28 m80    0.00
2 3281.40 m80    0.00
2 3283.10 m55    0.00
2 3285.04 m110   0.00
2 3287.55 m32    0.00
2 3291.56 m32    0.00
2 3293.07 m160   0.00
2 3294.04 m11    0.00
2 3298.66 m32    0.00
2 3307.44 m44    0.00
2 3321.15 m36    0.00
2 3322.28 m44    0.00
2 3324.40 m400   0.00
2 3329.08 m55    0.00
2 3338.03 m32    0.00
2 3339.00 m26    0.00
2 3349.42 m80    0.00
2 3362.25 m34    0.00
2 3364.93 m80    0.00
2 3371.50 m34    0.00
2 3372.36 m55    0.00
2 3372.72 m48    0.00
2 3375.03 m55    0.00
2 3378.73 m34    0.00
2 3378.86 m55    0.00
2 3382.80 m34    0.00
2 3391.28 m40    0.00
2 3398.35 m28    0.00
2 3399.10 m34    0.00
2 3400.53 m28    0.00
2 3402.33 m44    0.00
2 3413.76 m55    0.00
2 3416.24 m28    0.00
2 3420.34 m42    0.00
2 3433.26 m34    0.00
2 3439.72 m28    0.00
2 3444.58 m34    0.00
2 3446.40 m22    0.00
2 3449.46 m28    0.00
2 3454.06 m85    0.00
2 3460.38 m40    0.00
2 3468.03 m65    0.00
2 3471.73 m28    0.00
2 3472.37 m28    0.00
2 3472.82 m85    0.00
2 3480.17 m40    0.00
2 3489.51 m30    0.00
2 3494.21 m28    0.00
2 3495.36 m28    0.00
2 3500.84 m85    0.00
2 3505.90 m28    0.00
2 3507.45 m60    0.00
2 3509.17 m600   0.00
2 3510.10 m40    0.00
2 3513.10 m34    0.00
2 3513.86 m30    0.00
2 3515.04 m30    0.00
2 3519.76 m60    0.00
2 3523.66 m140   0.00
2 3525.14 m40    0.00
2 3525.61 m46    0.00
2 3536.32 m46    0.00
2 3537.94 m60    0.00
2 3540.34 m120   0.00
2 3543.23 m30    0.00
2 3543.86 m85    0.00
1 3546.52  3546 3546.52
1 3551.03  3551 3551.03
2 3551.96 m34    0.00
1 3558.77  3558 3558.77
1 3559.39 m30    0.00
2 3561.74 m340   0.00
2 3562.90 m50    0.00
1 3566.74  3566 3566.74
2 3567.35 m85    0.00
2 3568.51 m440   0.00
2 3568.98 m170   0.00
2 3572.07 m34    0.00
2 3579.20 m120   0.00
1 3585.03  3585 3585.03
2 3587.44 m60    0.00
2 3596.38 m85    0.00
2 3598.06 m46    0.00
2 3600.44 m170   0.00
2 3604.90 m34    0.00
2 3606.04 m30    0.00
2 3606.16 m30    0.00
2 3611.33 m34    0.00
2 3611.41 m28    0.00
2 3614.63 m34    0.00
2 3615.66 m34    0.00
2 3616.58 m34    0.00
2 3617.88 m40    0.00
2 3619.73 m40    0.00
2 3623.92 m30    0.00
2 3625.54 m85    0.00
2 3626.50 m60    0.00
2 3628.20 m30    0.00
2 3629.43 m40    0.00
2 3630.28 m30    0.00
2 3633.29 m70    0.00
2 3638.46 m70    0.00
2 3639.82 m30    0.00
2 3641.66 m70    0.00
2 3645.38 m24    0.00
1 3647.06 m46    3.53
2 3647.75 m60    0.00
2 3650.40 m240   0.00
2 3654.88 m85    0.00
2 3658.88 m200   0.00
2 3663.12 m44    0.00
1 3669.62 m26    3.38
2 3676.35 m380   0.00
2 3677.89 m30    0.00
2 3682.26 m80    0.00
2 3688.15 m32    0.00
2 3691.15 m60    0.00
2 3692.95 m30    0.00
1 3693.56 m44    3.38
2 3694.75 m14    0.00
2 3696.85 m32    0.00
1 3700.12 m44    3.38
2 3702.85 m460   0.00
1 3703.07 m30    0.00
2 3703.92 m240   0.00
2 3706.34 m28    0.00
2 3709.30 m36    0.00
2 3711.74 m100   0.00
2 3719.45 m30    0.00
2 3729.91 m60    0.00
2 3732.39 m40    0.00
1 3743.09  3743 3743.09
1 3745.07 m60    3.44
2 3747.17 m80    0.00
2 3747.34 m80    0.00
2 3757.44 m40    0.00
2 3757.90 m40    0.00
1 3759.35 m60    3.32
1 3761.12 m32    3.55
1 3765.14 m160   3.32
2 3767.50 m18    0.00
2 3776.49 m190   0.00
1 3779.22  3779 3779.22
1 3783.54 m55    3.28
1 3787.22  3787 3787.22
1 3789.92  3789 3789.92
1 3792.18 m36    3.90
1 3793.55  3793 3793.55
2 3801.80 m30    0.00
1 3806.85 m70    4.02
2 3830.29 m140   0.00
1 3833.40 m50    3.55
1 3840.26 h5     3.23
2 3842.50 m85    0.00
2 3845.61 m34    0.00
2 3848.76 m340   0.00
2 3869.75 m42    0.00
2 3874.19 m320   0.00
1 3888.23 m44    0.00
1 3894.60 m45    0.00
2 3895.99 m30    0.00
2 3896.58 m30    0.00
1 3897.89 m30    3.12
2 3899.20 m220   0.00
1 3901.35 m150   3.43
1 3908.08 m44    3.19
1 3909.16 m35    3.17
1 3909.54 m30    3.20
1 3913.48 m26    3.30
1 3915.43 m60    0.00
2 3919.52 m44    0.00
2 3922.10 m28    0.00
2 3922.74 m44    0.00
2 3925.45 m70    0.00
2 3935.24 m60    0.00
2 3939.52 m75    0.00
2 3946.89 m60    0.00
2 3957.97 m26    0.00
2 3958.36 m32    0.00
2 3976.84 m200   0.00
2 3981.89 m170   0.00
2 3983.85 m28    0.00
2 3999.40 m32    0.00
2 4002.59 m90    0.00
2 4006.57 m180   0.00
1 4010.06 m28    3.22
2 4012.75 m70    0.00
1 4013.27 m30    3.34
2 4019.14 m34    0.00
2 4020.47 m50    0.00
1 4024.70 m34    3.11
2 4031.66 m48    0.00
1 4032.34 m80    3.32
2 4033.06 m190   0.00
1 4036.24 m32    3.71
2 4051.86 m28    0.00
2 4052.87 m28    0.00
1 4054.12 m40    3.08
1 4060.40 m38    3.08
1 4061.59 m120   3.07
2 4066.22 m36    0.00
1 4081.24 m36    0.00
1 4100.90 m12    0.00
1 4105.37 m60    3.02
1 4112.50 m28    3.04
1 4143.49 m26    3.02
2 4144.46 m100   0.00
1 4158.53 m32    2.98
2 4178.98 m14    0.00
1 4187.16 m28    0.00
1 4196.73 m36    3.38
2 4201.00 m42    0.00
1 4203.72 m60    3.20
1 4206.49 m55    3.71
1 4213.50 m28    0.00
2 4214.42 m28    0.00
1 4215.13 m44    2.94
1 4217.56 m28    0.00
2 4226.45 m44    0.00
1 4232.82 m44    3.29
1 4235.35 m28    2.93
1 4255.25 m34    3.35
1 4258.23 m44    0.00
1 4266.34 m60    0.00
1 4269.69 m30    3.15
2 4276.75 m10    0.00
2 4278.52 m70    0.00
1 4289.72 m28    2.89
1 4298.37 m34    2.90
1 4299.90 m28    0.00
1 4310.44 m42    3.67
1 4311.56 m28    2.90
1 4313.25 m34    0.00
1 4318.85 m200   0.00
1 4322.24 m55    0.00
2 4325.83 m55    0.00
1 4326.47 m280   0.00
1 4328.95 m22    0.00
1 4332.12 m55    0.00
1 4336.50 m80    0.00
1 4337.64 m55    0.00
1 4338.45 m160   0.00
1 4340.62 m65    0.00
1 4342.51 m40    2.99
2 4353.20 m40    0.00
1 4356.09 m26    0.00
1 4356.84 m80    0.00
1 4360.16 m26    2.87
1 1367.30 m20    0.00
1 4372.05 m20    0.00
1 4382.46 m30    3.08
1 4388.25 m28    0.00
1 4390.91 m24    2.85
1 4423.11 m32    0.00
1 4448.04 m22    0.00
1 4493.08 m40    0.00
1 4511.52 m14    0.00
1 4549.07 m10    0.00
1 4550.45 m10    0.00
1 4556.46 m10    0.00
2 4563.69 m10    0.00
2 4578.69 m19    0.00
2 4641.98 m19    0.00
2 4645.28 m24    0.00
2 4702.41 m20    0.00
2 4707.94 m11    0.00
2 4752.51 m40    0.00
1 4786.78 m18    0.00
1 4813.77 m10    0.00
2 4875.58 m8     0.00
1 4913.90 m10    0.00
1 5065.79 m6     0.00
1 5078.25 m11    2.69
2 5089.12 m8     0.00
1 5228.12 m12    0.00
1 5319.23 m11    2.33
1 5369.72 m8     2.33
1 5375.98 m8     2.31
1 5514.54 m5     0.00

