2 2002.34 s200   9.06
2 2029.28 s1     6.68
2 2040.33 s1     6.57
2 2066.74 s100   15.05
2 2073.04 s2     6.86
2 2091.68 s1     1.00
2 2099.47 s1     5.90
2 2137.77 s1     6.68
2 2146.93 s30    14.83
2 2149.21 s5     6.57
2 2153.56 s1     1.002
2 2162.82 s5     6.41
2 2192.33 s5     6.88
2 2198.63 s5     6.31
2 2199.75 s10     6.86
2 2206.65 s7     6.19
2 2221.09 s5     6.88
2 2223.61 s2     6.86
2 2228.90 s2     1.00
2 2257.54 s1     6.00
2 2276.51 s1     1.00
2 2278.82 s3     6.41
2 2281.55 s20     6.31
2 2284.27 s3     1.00
2 2287.60 s3     5.50
2 2291.65 s15     5.90
2 2296.08 s1     1.00
2 2297.26 s2     6.30
2 2301.22 s20     6.19
2 2307.07 s1     1.00
2 2311.54 s2     5.50
2 2319.55 s20     6.57
2 2324.73 s7     5.90
2 2328.60 s2     6.00
2 2335.53 s10     6.19
2 2340.64 s5     6.58
2 2351.74 s5     6.57
2 2355.89 s3     6.00
2 2357.21 s5     6.00
2 2363.08 s10     6.30
2 2368.96 s4     6.00
2 2371.43 s8     5.90
2 2381.49 s40     6.68
2 2391.52 s40     5.30
2 2397.78 s2     1.00
2 2413.49 s40     5.60
2 2424.54 s15     5.50
2 2427.98 s20     5.50
2 2431.74 s30     6.00
2 2441.26 s20     6.00
2 2463.68 s30     5.50
2 2467.63 s10     5.50
2 2437.98 s20     5.50
2 2475.31 s15     5.58
2 2497.24 s40     5.46
2 2497.56 s40     6.19
2 2501.12 s40     6.00
2 2512.71 s30     5.30
2 2514.32 s30     6.00
2 2529.98 s20     6.88
2 2536.55 s40     5.46
2 2545.10 s40     6.00
2 2545.34 m5     5.64
2 2547.90 m13     5.38
2 2549.13 s10     4.86
2 2549.53 s40     5.50
2 2554.75 s50     5.30
2 2555.22 s10     5.30
2 2564.39 s50     6.00
2 2565.60 m44     5.06
2 2566.59 m24     5.02
2 2567.85 s20     5.50
2 2571.61 s50     5.50
2 2576.69 m18     5.32
2 2583.36 s30     5.50
2 2589.06 m20     5.02
2 2597.05 m20     4.77
2 2597.33 s200     6.00
2 2600.64 s150     6.00
2 2600.89 m20     5.53
2 2609.23 s50     5.60
2 2618.90 m20     5.25
2 2623.45 m24     5.23
2 2625.74 m24     5.23
2 2641.49 m24     4.69
2 2650.58 m15     4.68
2 2658.67 m13     4.66
2 2680.98 s200     5.52
2 2684.29 m32     1.00
2 2686.19 s50     4.61
2 2687.13 m11     5.61
2 2692.42 m42     4.60
2 2693.97 s100     7.47
2 2695.56 m10     1.00
2 2703.96 m24     4.77
2 2708.18 m15     4.76
2 2708.34 s100     5.46
2 2716.32 m8     5.56
2 2721.70 m20     5.32
2 2722.38 m15     4.53
2 2729.33 m22     5.66
2 2732.82 m22     4.53
2 2734.42 m14     5.05
2 2743.07 m16     4.52
2 2747.16 m46     4.51
2 2752.17 m36     4.69
2 2760.40 m11     5.56
2 2763.62 m13     5.33
2 2765.87 s100     6.00
2 2768.85 m24     5.24
2 2770.82 m18     4.66
2 2771.49 m18     1.00
2 2773.96 m12     6.11
2 2778.71 m6     5.66
2 2783.05 m10     5.10
2 2791.02 m6     5.26
2 2794.26 m8     5.64
2 2797.74 m6     4.98
2 2819.33 m9     5.37
2 2822.03 m9     5.43
2 2824.70 s50     4.90
2 2826.86 m15     5.38
2 2832.31 m70     4.89
2 2873.30 m110     0.00
2 2842.81 m28     4.55
2 2847.36 m8     5.56
2 2851.26 m24     4.53
2 2870.40 m48     4.55
2 2881.13 m4     1.00
2 2882.00 m4     5.73
2 2884.29 m28     4.85
2 2885.05 m32     1.00
2 2887.81 m32     1.00
1 2891.25 m14     1.00
2 2895.14 m11     4.51
2 2896.76 s100     5.50
1 2897.07 m6      1.00
2 2898.95 s10     4.40
2 2899.72 m22     5.03
2 2908.36 m7     4.81
2 2910.60 m18     4.77
2 2917.41 m14     1.00
2 2919.84 m12     4.80
2 2921.56 m14     1.00
2 2925.05 m22     1.00
2 2928.25 m22     5.27
2 2932.52 s10     4.90
2 2936.19 m11     1.00
2 2936.46 m15     1.00
2 2942.62 m11     5.25
2 2942.86 m30     1.00
2 2949.06 m13     4.76
2 2957.58 m15     4.75
2 2964.92 m10     1.00
2 2965.49 m10     5.01
2 2968.69 m24     4.73
2 2971.48 m10     4.68
2 2973.53 m10     1.00
2 2974.01 m19     4.72
2 2976.02 m10     5.07
2 2978.72 s300     4.30
2 2980.33 m5     5.32
2 2981.33 m14     4.92
2 2981.48 m14     1.00
1 2982.03 m2     1.00
2 2983.03 m12     1.00
2 2985.24 m14     4.66
2 2988.23 m32     4.69
2 2991.05 m13     1.00
2 2993.81 m14     4.91
2 2996.99 m10     5.26
2 2999.09 m16     1.00
2 3000.94 m5      1.00
2 3001.27 m13     5.16
2 3002.39 m16     4.36
2 3006.93 m8      1.00
2 3008.50 m13     4.89
2 3009.76 m5     4.12
2 3012.70 m6     4.88
2 3015.72 m6     1.00
2 3017.13 m6     5.43
2 3019.41 m8     5.14
2 3022.10 m8     5.01
2 3025.45 m3     1.00
2 3026.57 m11    1.00
2 3028.57 m9     4.91
2 3034.06 m26     5.13
2 3035.11 m12     0.00
2 3038.60 m6     4.84
2 3040.05 m5     1.00
2 3043.06 m9     4.35
2 3045.56 m9     5.33
2 3046.95 m12     1.00
2 3049.09 m30     4.62
2 3049.86 m3     1.00
2 3050.98 m6     5.25
2 3051.79 m6     4.88
2 3058.42 m6     1.00
2 3060.18 m13    1.00
2 3061.70 m16    1.00
2 3063.03 m16    1.00
2 3065.15 m6     5.25
3 3066.30 s20     4.61
2 3067.73 m32    1.00
1 3068.90 m16    1.00
2 3070.82 m19    1.00
2 3072.11 m26     4.55
2 3078.83 m48     4.53
2 3078.98 s200     4.40
2 3080.22 m34     1.00
2 3081.98 m14     4.53
2 3082.17 m10     1.00
2 3083.00 m10     5.57
2 3083.29 m10     5.35
1 3088.00 s1     1.00
2 3088.47 m17     4.92
2 3089.63 s40     1.00
2 3090.09 m9     4.24
2 3097.27 m10     4.51
2 3097.96 s50     4.90
2 3100.79 m14     1.00
2 3100.93 s150     1.00
2 3102.67 m14     4.75
2 3105.05 s40     1.00
2 3105.75 m20     1.00
2 3106.68 m3     1.00
2 3107.03 m14     4.83
2 3108.30 m36     1.00
2 3110.02 m18     4.81
2 3111.83 s3     5.12
2 3112.40 s100     4.90
2 3115.74 s30     1.00
2 3116.28 m18     1.00
2 3116.48 m7     1.00
2 3117.69 m10     4.81
2 3119.52 m36     4.49
2 3122.97 m36     4.73
2 3124.39 m26     4.73
2 3125.21 m16     1.00
2 3125.51 m34     1.00
2 3125.74 m10     1.00
2 3127.21 m6     5.16
2 3131.07 m11     3.96
2 3133.62 m6     5.14
2 3134.43 m11     1.00
2 3139.30 m31     1.00
2 3141.84 m15     4.85
2 3142.84 m30     1.00
2 3146.04 m22     4.70
2 3148.06 a20     4.61
2 3150.46 m11     1.00
2 3151.65 m7     1.00
2 3154.30 m22     4.11
2 3154.77 m22     4.76
2 3155.83 m7     1.00
2 3156.39 m7     1.00
2 3162.84 m8     5.12
2 3164.48 m8     4.75
2 3166.09 m10     4.47
2 3169.32 m8     4.68
2 3174.20 m8     4.13
2 3175.73 m30     4.73
2 3179.05 m19     1.00
2 3180.20 m75     4.09
2 3181.19 m8     4.80
2 3182.64 m8     5.02
2 3184.95 m22     4.45
2 3188.23 m55     4.12
2 3190.07 m19     5.07
2 3198.23 m8     1.00
2 3208.03 m4     5.38
2 3210.31 m12     1.00
2 3213.58 m12     4.61
2 3206.63 s100     4.90
2 3217.45 m12     5.02
2 3220.35 m12     4.36
2 3221.29 m40     1.00
2 3225.42 m20     5.05
2 3226.41 m4     1.00
2 3229.01 m40     4.75
2 3260.86 m8     5.04
2 3232.04 s50     4.90
2 3235.85 m34     4.60
2 3238.12 m42     1.00
2 3240.48 n8     4.65
2 3241.12 m17     4.69
2 3245.77 m20     4.94
1 3249.87 m7     3.81
1 3251.92 m20     1.00
2 3252.74 m10     1.00
2 3254.82 m10     4.68
2 3255.51 m10     1.00
2 3256.28 m65     1.00
2 3257.16 m13     4.99
1 3257.37 m13     1.00
2 3262.67 m65     4.56
2 3267.00 m13     4.66
2 3249.37 m8     4.62
2 3273.89 m22     1.00
2 3275.06 m22     1.00
2 3280.37 m22     4.77
2 3286.58 m22     4.76
2 3287.79 m44     3.96
2 3290.59 s30     4.30
2 3291.74 m65     4.53
2 3292.52 m44     4.58
2 3293.94 m17     4.90
2 3295.32 m13     4.53
2 3297.83 m17     4.91
2 3301.63 m17     1.00
1 3304.24 m34     3.75
1 3309.13 m9     3.74
2 3310.24 m13     4.52
2 3313.64 s30     4.40
2 3314.81 m17     1.00
2 3320.29 m20     4.56
2 3321.44 m36     4.24
2 3324.75 m28     3.96
2 3325.13 m60     4.24
1 3330.48 m18     3.72
2 3334.61 m44     4.49
3 3339.43 s10     4.40
2 3351.23 m70     3.89
2 3358.60 m44     3.92
2 3367.81 m28     4.23
2 3377.48 s60     4.90
1 3380.86 m9     4.02
2 3389.65 m22     3.89
2 3392.04 m90     3.85
1 3396.73 m14     4.13
1 3397.52 m16     1.00
1 3398.53 m18     1.00
2 3401.69 m14     4.51
1 3402.02 m14     4.69
2 3402.70 m70     1.00
2 3403.28 m14     4.77
2 3404.63 m12     4.90
1 3405.56 m14     4.10
2 3408.63 m18     1.00
2 3409.26 m14     4.95
2 3411.77 m12     4.60
1 3413.01 m18     1.00
2 3418.77 m14     4.13
2 3418.94 m14     4.18
2 3419.27 m19     1.00
1 3421.21 m28     3.98
2 3422.65 m14     4.13
1 3423.99 m19     3.62
1 3429.00 m14     3.93
2 3434.00 m70     3.84
2 3435.98 m55     3.60
2 3436.71 m19     4.75
1 3437.31 m24     3.96
2 3438.95 m24     5.25
2 3439.72 m38     1.00
1 3442.58 m8     4.21
2 3445.21 m14     1.00
2 3445.73 m14     5.43
2 3449.64 m12     4.90
2 3451.70 m9     4.05
2 3452.68 m19     4.36
1 3461.02 m14     3.58
1 3461.22 m19     4.20
2 3462.85 m24     4.78
2 3463.72 m19     5.22
2 3465.77 m32     4.40
1 3466.52 m19     4.19
2 3468.22 m28     1.00
1 3469.34 m12     1.00
2 3469.92 m95     4.08
1 3471.21 m12     4.05
2 3473.03 m9     4.69
2 3476.54 m12     4.40
2 3478.13 m9     4.70
2 3479.17 m18     4.39
2 3482.55 m9     4.75
2 3485.20 m14     4.59
2 3486.54 m28     1.00
2 3493.52 m19     4.52
2 3498.00 m14     1.00
2 3499.98 m14     4.53
2 3501.46 m10     1.00
2 3502.77 m14     4.66
2 3503.61 m10     1.00
2 3505.48 m10     1.00
3 3507.57 s50     4.30
2 3511.56 m48     4.09
2 3512.75 m10     4.73
2 3514.53 m14     4.69
2 3516.36 m10     4.56
2 3516.83 m10     4.52
1 3518.40 m10     3.88
2 3521.92 m24     1.00
2 3528.82 m10     1.00
2 3528.95 m19     1.00
1 3531.44 m10     4.12
2 3531.92 m10     1.00
2 3537.15 m14     4.65
2 3538.77 s100     4.90
2 3539.32 m24     4.06
2 3539.59 m48     3.50
2 3541.62 m10     4.55
1 3544.02 m13     4.59
2 3545.18 m18     1.00
1 3547.34 m10     3.95
1 3549.60 m12     4.50
1 3551.40 m10     1.00
2 3553.11 m14     1.00
1 3555.02 m14     3.84
2 3557.47 m12     4.25
2 3559.45 m38     4.25
2 3559.95 m19     4.55
1 3565.39 m10     1.00
1 3567.26 m12     3.47
1 3569.82 m10     3.95
2 3572.39 m24     4.52
2 3573.22 m14     4.53
2 3575.32 m38     4.30
2 3576.56 m14     5.34
2 3579.35 m24     4.51
2 3580.23 m10     1.00
2 3582.01 m14     1.00
2 3583.04 m10     1.00
1 3584.18 m8     3.81
2 3585.76 m19     4.64
2 3588.22 m12     3.68
2 3589.36 m14     4.28
1 3589.75 m12     4.38
1 3591.45 m10     3.91
1 3592.78 m19     1.00
2 3593.88 m10     4.76
1 3598.12 m19     3.44
2 3601.04 m28     1.00
2 3603.21 m24     4.64
1 3608.38 m12     1.00
2 3609.22 m14     1.00
2 3609.44 m70     3.94
2 3610.04 m17     1.00
2 3610.39 m12     1.00
2 3610.79 m14     3.94
1 3612.43 m14     3.43
2 3613.78 m10     3.94
2 3614.01 m10     1.00
2 3615.13 m34     3.94
2 3617.02 m48     5.32
2 3620.37 m14     1.00
2 3621.12 m19     4.73
1 3622.33 m10     4.11
1 3622.80 m8     3.88
2 3624.90 m19     4.25
2 3625.63 m28     3.61
2 3625.89 m14     1.00
1 3632.83 m10     1.00
1 3634.58 m17     1.00
2 3635.24 m10     1.00
2 3635.42 m14     1.00
1 3635.94 m19     1.00
2 3639.45 m24     4.16
1 3642.25 m22     3.40
2 3647.65 m11     1.00
2 3648.42 m10     1.00
2 3649.25 m22     4.29
1 3649.73 m12     4.09
2 3650.77 m12     4.52
2 3652.17 m26     1.00
2 3652.54 m10     4.36
2 3656.20 m7     4.59
1 3656.69 s1     3.74
2 3658.06 m30     4.25
2 3659.51 m40     1.00
3 3661.47 s20     4.90
2 3661.62 m14     1.00
2 3663.20 m16     4.82
2 3663.70 m24     4.55
1 3669.97 m20     4.38
2 3673.26 m10     1.00
2 3673.79 m14     4.28
2 3675.57 m50     3.56
2 3678.04 m28     4.53
2 3679.71 m20     1.00
1 3682.49 s1     3.72
2 3688.76 m17     1.00
2 3690.12 s3     1.00
2 3690.49 m15     4.56
1 3691.88 m13     0.00
2 3692.39 s50     4.40
1 3692.57 m12     3.81
2 3693.90 m20     1.00
2 3695.98 m11     4.73
2 3698.30 m4     4.81
2 3700.77 m8     5.25
1 3700.98 m3     4.04
2 3703.91 m18     1.00
1 3706.77 m24     4.36
2 3711.30 m20     4.17
2 3712.54 m4     1.00
2 3717.83 m3     1.00
2 3718.16 m3     4.47
1 3719.44 m42     3.33
2 3719.96 m32     4.59
2 3720.31 m19     4.54
2 3721.82 m55     3.56
2 3722.11 m24     3.84
2 3724.73 m6     1.00
2 3726.72 m16     3.84
1 3727.90 m8     3.68
1 3730.37 m9     4.11
2 3730.75 m12     1.00
2 3738.84 m12     4.36
2 3740.87 m8     1.00
2 3741.19 m90     3.50
2 3742.23 s1     1.00
1 3742.92 m11     1.00
2 3744.74 m4     4.36
2 3745.98 m24     4.20
2 3774.54 m22     4.45
1 3750.15 s2     1.00
2 3752.57 m46     4.43
1 3754.03 m4     1.00
2 3754.59 m9     3.30
1 3756.29 m3     1.00
1 3757.70 m10     1.00
1 3759.31 m9     1.00
2 3760.28 m3     1.00
1 3761.10 m5     1.00
2 3762.88 m36     4.05
1 3762.93 s10     3.75
2 3763.32 m3     1.00
1 3765.24 m8     4.38
1 3767.90 m14     1.00
1 3770.05 m13     3.98
1 3771.37 m14     3.28
2 3773.74 m12     4.59
2 3775.31 s1     4.46
2 3775.90 m5     5.06
1 3777.18 s1     1.00
1 3778.75 s1     1.00
1 3780.97 m3     1.00
2 3783.01 m12     1.00
2 3783.29 m10     3.28
2 3785.60 m24     4.04
2 3786.88 m5     4.18
2 3787.11 s1     1.00
2 3789.11 m22     3.50
1 3790.79 m14     1.00
2 3793.50 s1     4.13
1 3793.82 s1     1.00
2 3794.15 m7     4.65
2 3794.31 s1     4.30
2 3795.38 m6     1.00
2 3795.68 s1     1.00
1 3803.08 m42     3.26
2 3805.81 m8     4.09
2 3807.87 m26     4.39
2 3808.13 s7     1.00
1 3809.12 s1     1.00
2 3811.35 s2     1.00
2 3813.07 m24     4.39
1 3817.37 s7     1.00
1 3820.79 s12     1.00
2 3821.43 m12     4.63
2 3822.15 m12     4.43
1 3823.07 s1     1.00
1 3824.75 s1     1.00
1 3828.38 m32     3.24
2 3829.33 m11    1.00
1 3833.09 s1     1.00
1 3836.54 m9     1.00
1 3837.87 m18    3.59
1 3839.69 s25    3.23
2 3839.74 m60    4.05
2 3841.96 m20    4.43
1 3845.09 s1     1.00
2 3854.51 m28    4.47
2 3863.41 m32    4.04
1 3869.66 s1     3.99
2 3872.72 m24    1.00
1 3873.82 m26    1.00
1 3874.86 m18    3.81
1 3875.37 m15    3.55
1 3879.64 m10    4.12
2 3884.82 m10    1.00
2 3893.41 m2     1.00
1 3895.42 m24    1.00
1 3900.88 m24    4.08
2 3902.12 m3     4.95
1 3903.10 m8     1.00
2 3904.08 m10    3.28
2 3905.19 m12    1.00
2 3912.28 m8     4.48
2 3913.01 m7     1.00
2 3916.79 m10    4.30
1 3923.80 m2     3.11
1 3925.09 m10    3.61
2 3927.17 m8     1.00
2 3927.42 m8     1.00
2 3929.67 m42    3.15
2 3932.23 m6     4.30
1 3932.91 m14    1.00
2 3935.54 m10    1.00
2 3937.04 m10    4.47
2 3937.92 m8     4.12
2 3938.69 m8     4.66
2 3943.39 m11    4.18
2 3943.69 m6     1.00
2 3945.51 m16    1.00
2 3946.15 m16    1.00
2 3948.96 m14    4.27
2 3950.39 m14    4.45
2 3951.55 m16    1.00
2 3956.59 m28    4.40
2 3956.68 s20    3.13
2 3960.33 m5     4.77
2 3963.47 m2     1.00
1 3967.39 m28    1.00
1 3972.15 m14    1.00
1 3973.20 m11    3.91
2 3976.42 m15    4.30
1 3979.04 m1     1.00
1 3980.09 m1    1.00
2 3981.11 m14    1.00
2 3988.01 m14    4.24
2 3988.85 m5     3.94
2 3992.28 m4     4.25
1 3994.55 m38    1.00
2 3996.06 m18    1.00
2 3997.87 m11    4.30
1 4001.06 m8     1.00
2 4003.11 m8     4.40
2 4003.31 m17    4.23
2 4005.53 m10    4.28
2 4006.37 m7     1.00
2 4007.02 m18    4.46
1 4008.21 m16    1.00
1 4009.05 m16    4.02
1 4011.74 m8     1.00
1 4012.50 m20    3.44
2 4019.13 m300   3.08
2 4022.08 m15    1.00
2 4025.65 m15    4.28
2 4026.16 m12    4.12
1 4027.01 m10    1.00
1 4030.84 m18    3.43
2 4034.25 m10    3.84
1 4036.05 m18    3.07
2 4036.56 m17    3.30
2 4041.20 m17    1.00
1 4043.39 m8     3.68
3 4048.80 s10    5.50
1 4050.89 m8     1.00
1 4053.52 m10    1.00
1 4059.25 m10    3.84
2 4063.40 m18    4.51
1 4067.45 m4     3.40
2 4069.20 m65    3.86
2 4085.04 m50    4.30
2 4086.52 m50    3.03
2 4094.75 m50    3.03
2 4098.94 m12    4.07
1 4100.34 m11    3.02
2 4100.84 m10    1.00
2 4104.38 m10    4.05
2 4105.34 m19    3.89
2 4108.42 m60    3.57
1 4112.75 m17    3.02
2 4116.71 m75    3.76
1 4127.41 m14    1.00
2 4132.75 m24    1.00
1 4133.46 m1     1.00
1 4134.06 m14    3.00
2 4134.17 s10    1.00
1 4136.28 m10    1.00
2 4140.23 m16    1.00
2 4141.63 m11    4.89
2 4142.48 m12    1.00
2 4142.70 m18    2.99
2 4148.18 m16    3.96
2 4149.99 m32    4.30
2 4156.52 m24    4.17
1 4158.54 m8     4.19
2 4162.68 m10    4.74
2 4163.64 m12    4.18
2 4164.25 m8     4.12
1 4165.77 m10    1.00
2 4168.63 m12    1.00
2 4170.47 m16    4.12
2 4171.34 m8     1.00
2 4178.06 m44    3.87
2 4179.71 m18    3.15
2 4179.96 m11    4.17
1 4193.02 m9     3.96
2 4201.85 m12    3.94
1 4208.89 m44    2.94
1 4235.46 m6     2.93
2 4247.60 m2     4.05
2 4248.00 m10    4.06
2 4249.68 m4     3.89
2 4250.31 m12    3.48
2 4256.09 m5     4.12
1 4257.50 m7     2.91
2 4273.36 m20    3.93
2 4276.81 m7     3.93
2 4277.31 m34    2.90
2 4281.07 m9     3.08
2 4281.41 m8     3.94
2 4282.04 m50    3.66
2 4283.51 m8     4.04
2 4309.99 m14    1.00
1 4312.99 m10    3.23
1 4315.25 m4     3.23
2 4318.29 m8     4.06
2 4320.12 m10    3.42
1 4327.12 m1     1.00
2 4335.70 m12    4.22
1 4337.23 m9     2.86
2 4344.32 m9     2.85
1 4344.60 m1     1.00
2 4350.82 m10    4.60
2 4361.32 m6     1.00
1 4374.12 m6     2.83
1 4374.79 m1     1.00
1 4378.18 m4     3.19
2 4381.86 m90    3.66
2 4391.11 m80    3.38
1 4408.88 m6     3.27
2 4416.24 m6     4.12
2 4432.96 m18    1.00
2 4439.12 m10    4.17
1 4440.58 m1     1.00 
2 4440.86 m10    3.84
2 4447.83 m8     3.56
1 4458.00 m6     3.24
2 4465.35 m16    3.84
2 4480.82 m6     3.28
1 4482.17 m3     3.38
2 4487.50 m8     3.28
2 4488.68 m10    2.99
1 4493.33 m12    2.76
2 4496.32 m3     1.00
1 4498.96 m8     3.44
2 4510.53 m20    4.05
2 4533.29 m12    3.94
2 4537.08 m5     4.50
2 4555.70 s20    3.60
1 4555.81 m5     3.20
1 4593.65 m1     1.00
1 4595.42 m6     3.15
2 4619.52 m8     1.00
2 4631.76 m11    3.94
2 4651.56 m11    3.57
1 4663.20 m1     3.01
1 4668.17 m7     3.58
1 4686.19 m1     3.00
2 4689.20 m8     3.47
2 4694.09 m11    2.64
1 4703.99 m4     3.63
2 4705.76 m10    1.00
1 4723.78 m9     3.56
2 4740.53 m15    3.37
2 4752.41 m11    1.00
2 4761.11 m5     1.00
1 4766.60 m1     3.08
1 4789.39 m3     3.04
1 4840.84 m4     2.92
2 4865.17 m22    3.38
1 4865.48 m3     4.19
1 4872.93 m3     3.33
1 4878.73 m2     2.86
2 4882.45 s10    1.00
1 4894.95 m3     2.53
2 4919.82 m19    3.28
2 4921.62 m5     3.65
4 4937.82 s2    17.34
3 4943.67 s50    3.90
2 4954.57 m8     3.94
2 4987.15 m9     1.00
2 5017.26 m22    3.36
2 5028.66 m11    3.76
2 5049.80 m20    3.28
1 5067.97 m9     1.00
2 5084.52 s60    3.30
2 5085.25 s60    4.20
2 5108.40 s80    4.90
2 5143.28 m8     2.64
2 5148.22 m10    1.00
1 5158.60 m7     2.76
2 5198.83 m4     0.00
1 5199.16 m8     2.86
2 5216.58 m8     0.00
1 5531.16 m9     2.68
2 5233.21 m7     3.57
2 5247.65 m8     2.36
1 5258.36 m3     2.83
2 5277.50 m6     3.66
2 5325.15 m5     1.00
1 5326.98 m4     3.33
1 5343.58 m5     2.78
2 5376.06 s40    2.80
1 5386.61 m3     2.92
2 5390.46 m6     1.00
2 5415.46 m6     4.07
1 5417.49 m2     2.74
2 5425.68 m5     3.47
1 5431.11 m1     3.07
2 5435.88 m4     1.00
2 5447.00 s15    2.40
2 5458.79 s60    2.70
1 5499.26 m2     2.57
1 5506.99 m3     3.46
1 5539.26 m4     3.45
2 5539.90 m6     3.42
1 5548.17 m3     3.02
1 5558.34 m4     3.23
1 5573.35 m3     3.23
1 5579.36 m3     2.91
1 5587.03 m5     2.83
1 5615.32 m3     2.68
2 5700.69 m8     3.38
2 5707.10 m8     2.94
3 5715.43 s70    3.60
1 5720.20 m4     2.61
1 5725.39 m2     1.00
2 5740.86 s50    4.20
1 5760.55 m6     2.15
1 5789.64 s20    3.07
1 5804.14 m3     2.13
2 5815.43 m1     2.36
2 5843.00 s35    3.60
2 5883.52 s60    3.30
1 5973.67 m2     2.53
1 5979.07 m2     2.86
2 5989.07 m7     2.26
2 6112.83 m3     2.26
2 6119.06 s12    2.40
2 6120.55 m2     1.00
1 6182.61 m4     2.36
2 6242.96 s50    2.70
2 6261.06 m1     2.49
2 6274.11 m4     2.49
2 6279.16 m2     3.57
2 6335.17 s60    2.70
1 6342.86 m3     3.04
1 6411.90 m2     2.86
1 6413.61 m2     3.58
1 6457.28 m5     1.00
2 6460.47 s10    2.80
1 6462.62 m4     1.00
1 6531.34 m4     2.69
1 6588.54 m2     2.36
2 6599.29 s60    2.00
1 6662.27 m2     2.79
1 6727.46 m2     2.53
1 6756.45 m2     2.15
2 6880.19 s1     2.70
2 6901.33 s50    1.80
1 6943.61 m6     3.00
1 6989.66 m9     1.00
2 6998.89 s1     2.80
1 7168.90 m5     0.00
1 7208.01 m6     2.81
2 7461.88 s30    2.30
2 7525.51 m0     2.80
2 7808.06 s2     2.80
2 7872.26 s1     2.70
2 8105.16 s1     2.70
1 8967.61 m7     2.47
2 9839.25 m1     1.00


