4 2067.50 s5    15.95
4 2103.08 s3    15.85
1 2273.28 m18    5.45
1 2276.71 m14    5.46
1 2280.00 m20    5.48
0 2299.86 m16    5.39
1 2302.75 m15    5.40
1 2305.69 m20    5.42
2 2346.35 s1     6.52
2 2349.97 s3     6.50
1 2378.15 a3     5.23
1 2418.36 m6     5.12
1 2421.30 m8     5.14
1 2424.25 m10    5.16
1 2433.23 m4     5.11
1 2440.98 m7     5.12
2 2450.44 m2     6.64
2 2478.65 s5     5.01
3 2516.01 s7     8.70
2 2517.43 m8     5.06
1 2519.07 m4     4.92
1 2520.54 m15    4.92
2 2524.64 m8     5.03
2 2525.60 m38    5.06
3 2527.80 s5     9.65
2 2531.25 m20    5.03
2 2534.62 m20    5.01
2 2535.87 m14    5.00
3 2540.02 s5     9.61
1 2541.92 m20    4.92
2 2555.98 m7     5.42
3 2563.42 s5     9.61
2 2571.03 m12    5.42
1 2596.60 m7     4.79
1 2599.89 m28    4.76
1 2605.12 m36    4.78
1 2611.29 m48    4.79
1 2611.47 m7     4.77
1 2619.94 m28    4.78
1 2632.41 m16    4.71
2 2638.71 s10    8.53
1 2641.09 m60    4.69
2 2642.15 s20    8.54
1 2644.25 m75    4.71
2 2646.11 s50    8.56
1 2646.63 m90    4.73
1 2657.19 m3     4.66
1 2661.96 m8     4.65
1 2669.59 m9     4.66
1 2679.92 m12    4.67
1 2685.13 m15    1.00
1 2688.83 m6     0.00
2 2698.52 s30    0.00
2 2716.20 m2     5.64
1 2725.08 m8     5.60
1 2727.38 m7     5.59
1 2733.26 m16    5.60
1 2735.29 m5     5.58
1 2739.81 m8     5.59
1 2742.32 m24    5.42
2 2746.71 s30    8.38
2 2751.70 s50    8.41
2 2752.88 s4     8.56
1 2757.40 m6     5.56
1 2758.07 m9     6.00
2 2764.82 s10    5.56
2 2780.56 s5     5.03
2 2786.00 s6     8.30
2 2788.02 s8     8.28
2 2800.61 s30    8.30
1 2802.50 m24    5.32
2 2805.01 s40    8.08
1 2805.68 m5     5.48
2 2810.28 m7     8.10
2 2817.87 s60    8.12
2 2820.00 s8     8.08
2 2821.42 s8     8.05
2 2827.21 s10    8.06
2 2828.15 s60    8.14
2 2828.80 s30    8.05
2 2836.60 s15    8.06
2 2839.80 s15    8.12
2 2841.94 m18    4.97
2 2846.09 s15    8.08
2 2851.10 m10    5.56
2 2856.24 s25    8.09
2 2857.81 s15    0.00
2 2858.40 s8     4.91
2 2861.99 s20    0.00
2 2862.31 m9     5.57
2 2868.73 m5     4.89
2 2870.04 s25    0.00
2 2875.39 s15    0.00
2 2875.79 s10    0.00
2 2877.44 m17    5.42
2 2884.11 m26    5.42
2 2888.63 s10    0.00
2 2888.92 m6     4.86
2 2890.61 s8     0.00
2 2891.07 m5     4.89
2 2906.68 s20    0.00
1 2912.08 m42    5.15
2 2913.33 s10    0.00
2 2916.10 s10    0.00
2 2924.01 s8     0.00
2 2926.75 s10    8.12
1 2928.32 m32    5.73
2 2931.26 s40    8.10
1 2933.53 m17    4.22
2 2936.17 s30    8.05
1 2937.30 m14    4.24
2 2938.70 s15    8.06
2 2941.39 s8     0.00
1 2941.96 a50    4.21
2 2941.99 m100   4.21
2 2943.13 s12    8.12
2 2945.47 s50    8.09
1 2948.24 m120   4.22
2 2954.76 s60    8.51
1 2956.12 m150   4.24
1 2956.80 m16    4.21
2 2958.99 s50    8.48
1 2967.22 m18    4.23
1 2970.38 m7     4.17
2 2977.80 s7     0.00
2 2979.20 s10    8.10
1 2983.29 m16    4.18
3 2984.76 s3     9.32
2 2990.16 s10    8.12
1 2995.75 a5     0.00
1 3000.89 m30    4.18
2 3017.19 m10    5.69
2 3022.82 s15    8.41
2 3023.86 s12    8.39
2 3029.73 m12    5.66
2 3043.85 s5     5.63
2 3045.09 s5     0.00
2 3046.69 m9     5.23
2 3056.74 m11    5.21
2 3057.43 m11    4.05
2 3058.09 m14    5.23
2 3066.20 m110   4.05
2 3066.36 s20    4.04
2 3071.24 m6     5.21
2 3072.11 m50    4.07
2 3072.97 m95    4.04
2 3075.22 m130   4.04
2 3078.65 m190   4.06
2 3088.03 m300   4.07
2 3089.40 m15    5.90
2 3090.05 s8     7.77
1 3090.13 a8     5.06
2 3097.19 m15    5.23
1 3100.67 m15    5.06
2 3103.80 m19    5.88
2 3105.08 m19    5.21
2 3106.23 m22    5.23
1 3106.80 m6     5.04
1 3107.45 a12    5.96
1 3109.58 a8     0.00
2 3110.11 s8     5.57
2 3110.62 m4     5.21
1 3111.28 a10    5.96
2 3112.05 s10    5.20
1 3112.48 m4     5.03
1 3114.09 a20    5.98
1 3117.45 a6     5.04
2 3117.67 m12    5.20
1 3118.13 a15    5.99
1 3119.73 m60    5.47
2 3119.80 s15    5.21
1 3123.07 m16    4.87
1 3123.76 a20    6.01
1 3127.67 a8     5.93
1 3130.16 a8     5.94
2 3130.80 m120   3.97
1 3132.71 a6     5.95
1 3135.05 a8     5.95
1 3139.87 a10    5.96
1 3141.51 m12    4.84
1 3141.67 m8     6.08
1 3143.34 a12    5.98
2 3143.76 m18    3.97
2 3148.04 m20    3.94
2 3152.25 m20    4.06
2 3154.20 m20    4.04
2 3155.65 m20    4.06
2 3161.21 m42    4.04
2 3161.77 m65    4.04
2 3162.57 m85    4.06
2 3164.91 s8     0.00
2 3168.52 m130   4.07
2 3174.80 s5     0.00
2 3181.84 s8     7.87
1 3186.45 m200   3.89
2 3190.87 m85    4.97
1 3191.99 m260   3.91
1 3199.92 m320   3.92
2 3202.54 m65    4.95
1 3203.82 m20    3.89
1 3204.87 m4     4.92
1 3213.14 m9     4.92
1 3214.23 m22    3.90
2 3214.75 m16    3.91
2 3217.06 m90    3.88
1 3217.95 m9     5.82
2 3218.27 m22    5.42
2 3219.21 m9     5.83
1 3221.37 m9     5.84
2 3222.84 m110   3.86
1 3223.51 m18    5.86
2 3224.24 m20    5.42
2 3228.61 m44    4.92
2 3229.19 m65    3.84
2 3229.40 m44    4.97
2 3232.28 m20    4.95
2 3234.52 m550   3.88
2 3236.10 m18    4.91
2 3236.57 m440   3.86
2 3239.04 m340   3.84
2 3239.66 m18    4.91
2 3241.99 m220   3.83
1 3248.60 m100   4.87
2 3251.91 m80    3.83
2 3252.91 m100   3.84
2 3254.25 m100   3.86
2 3261.61 m100   5.89
2 3263.69 s4     4.96
2 3271.65 m26    5.03
2 3272.08 m26    5.01
2 3275.29 s3     4.86
2 3276.77 s5     4.96
2 3278.29 m17    5.01
1 3278.92 m22    4.86
2 3282.33 m18    5.00
2 3287.66 m44    5.66
1 3292.08 m24    4.66
1 3294.89 a6     6.08
1 3299.41 m14    4.66
1 3306.87 m14    5.88
1 3308.39 m18    4.79
2 3308.81 m18    3.88
1 3309.50 m22    4.80
1 3309.71 m5     5.86
1 3314.42 m70    4.80
1 3314.50 a8     4.79
2 3315.32 m24    4.96
2 3318.03 m28    3.86
1 3321.58 a8     4.80
2 3321.70 m46    4.96
2 3322.94 m240   3.88
2 3326.77 m32    3.84
2 3329.46 m180   3.86
2 3332.11 m46    4.96
2 3335.20 m150   3.84
2 3337.85 s2     4.95
2 3340.34 m95    3.83
1 3341.88 m480   3.70
1 3342.14 m10    3.71
2 3343.77 m22    3.86
2 3346.73 m28    3.84
2 3348.82 s10    3.82
2 3349.03 m360   4.31
2 3349.40 m1000  3.74
1 3352.92 m10    3.72
1 3354.63 m340   3.71
1 3358.26 m24    3.69
1 3358.47 a8     6.01
1 3361.00 m24    3.71
2 3361.21 m600   3.71
1 3361.26 a125   3.70
1 3361.82 m10    3.71
1 3366.17 a8     5.72
1 3370.43 m95    3.67
1 3371.45 m360   3.72
2 3372.20 m12    4.28
2 3372.79 m480   3.68
1 3377.48 m240   3.72
1 3377.58 a30    3.69
1 3379.20 m24    3.72
2 3380.28 m120   3.71
2 3383.76 m480   3.66
1 3385.94 m120   3.70
2 3387.83 m120   3.68
2 3388.75 m5     4.89
1 3390.67 m12    4.71
1 3392.71 m12    5.15
2 3394.57 m95    3.66
1 3398.62 m5     4.69
2 3402.42 m5     4.86
2 3407.21 m5     3.68
2 3416.96 s2     4.86
1 3439.30 m5     5.06
2 3444.31 m75    3.74
2 3452.47 m5     5.63
2 3456.38 m15    5.64
1 3456.65 a6     5.09
2 3461.50 m50    3.71
2 3465.56 s5     5.63
1 3467.27 m8     4.63
2 3477.18 m50    3.68
1 3478.92 m5     4.61
1 3480.53 m20    4.63
2 3483.80 s4     7.87
1 3485.67 m5     4.61
2 3491.05 m40    3.66
2 3504.89 m75    5.42
1 3506.63 m10    3.58
2 3510.84 m50    5.42
2 3520.25 m5     5.57
2 3535.41 m26    5.56
1 3558.51 a6     0.00
2 3566.00 s6     4.64
2 3573.72 m10    4.04
1 3574.24 m5     5.73
2 3587.13 m5     4.06
2 3596.05 m20    4.06
1 3598.71 m16    4.35
1 3604.28 a8     3.46
1 3610.15 m50    4.33
2 3624.83 m16    4.64
1 3635.20 m8     3.46
1 3635.46 m400   3.40
1 3637.97 m10    3.41
2 3641.33 m16    4.64
1 3642.68 m550   3.42
1 3646.20 m15    3.39
1 3653.50 m600   3.44
1 3654.59 m24    3.39
1 3658.10 m55    3.40
2 3659.76 m10    4.97
1 3660.63 m32    3.40
2 3662.24 m16    4.95
1 3668.97 m32    3.39
1 3671.67 m50    3.42
2 3685.19 m260   3.96
1 3689.92 m50    3.40
1 3694.44 m12    4.80
1 3700.08 m5     0.00
1 3702.29 m10    4.39
1 3704.29 m16    4.81
2 3706.22 m12    4.91
1 3707.53 m4     5.36
1 3708.64 a4     5.76
1 3709.96 m24    4.39
1 3717.39 m38    3.33
2 3721.64 m12    3.90
1 3722.57 m28    3.35
1 3724.57 m50    4.83
1 3725.16 m32    4.39
1 3729.81 m240   3.32
1 3741.06 m280   3.33
2 3741.64 m28    4.89
2 3748.01 s10    5.90
1 3748.07 m13    5.18
1 3752.86 m440   3.35
1 3753.63 m50    3.32
2 3757.68 m12    4.86
2 3759.29 m280   3.91
2 3761.32 m240   3.87
2 3761.86 m4     5.88
1 3771.65 m50    3.33
2 3776.06 m2     4.86
1 3786.04 m70    4.17
1 3789.30 m10    4.73
1 3798.28 m5     4.69
1 3846.44 m5     0.00
1 3853.05 m11    5.18
1 3853.73 m11    5.20
1 3858.14 m14    5.21
1 3866.44 m20    5.22
1 3868.40 m14    5.18
1 3873.20 m10    5.20
1 3875.29 m22    3.20
1 3882.32 m14    5.21
1 3882.89 m42    5.23
1 3889.95 m6     3.19
1 3895.24 m17    5.22
1 3898.49 m7     3.20
2 3900.54 m44    4.31
1 3900.96 m15    3.20
1 3904.79 m220   4.08
1 3911.19 m9     5.21
2 3913.46 m42    4.28
1 3914.33 m42    3.21
1 3921.42 m24    3.16
1 3924.53 m90    3.18
1 3926.32 m9     5.73
1 3929.88 m75    3.15
1 3934.23 m6     3.20
1 3947.77 m90    3.16
1 3948.67 m380   3.14
1 3956.33 m380   3.15
1 3958.21 m440   3.18
1 3962.85 m80    3.12
1 3964.27 m80    3.14
1 3981.76 m400   3.11
1 3982.48 m48    3.11
1 3989.76 m480   3.12
1 3998.64 m650   3.14
1 4003.79 m6     5.23
1 4005.96 m3     5.20
1 4008.05 m6     5.21
1 4008.93 m80    3.11
1 4009.66 m16    3.11
2 4012.39 m6     3.67
1 4013.59 m15    5.22
1 4015.37 m6     5.17
1 4016.28 m3     5.22
1 4017.77 m10    5.17
1 4021.82 m12    5.18
1 4024.57 m100   3.12
1 4026.54 m16    5.19
2 4028.35 m3     4.97
1 4030.51 m16    5.22
1 4033.90 m3     5.23
1 4035.83 m9     5.24
1 4055.01 m24    4.11
1 4058.14 m7     5.37
1 4060.26 m34    4.11
1 4064.21 m17    4.11
1 4065.10 m17    4.10
1 4078.47 m70    4.11
1 4079.70 a6     5.20
1 4082.46 m24    4.11
1 4099.17 m7     5.20
1 4112.71 m18    3.06
1 4122.14 m7     5.67
1 4123.56 m7     5.68
1 4127.53 m11    5.69
1 4137.28 m12    5.31
1 4143.04 m7     5.30
1 4150.96 m14    5.16
1 4159.64 m7     5.14
2 4163.64 m6     5.56
1 4166.30 m3     4.85
1 4169.32 m7     4.86
1 4171.02 m10    5.12
2 4171.90 m3     5.56
1 4180.87 a3     4.84
1 4186.12 m30    4.46
1 4200.79 m6     5.20
1 4203.46 m7     5.20
1 4237.88 m11    5.43
1 4249.12 m7     5.21
1 4256.04 m11    5.23
1 4258.54 m5     5.20
1 4261.60 m6     5.21
1 4263.13 m28    4.79
1 4270.14 m6     5.22
1 4274.58 m20    4.78
1 4276.43 m10    4.63
1 4278.23 m10    5.47
1 4281.38 m9     3.70
1 4282.71 m18    4.77
1 4284.99 m13    4.63
1 4286.01 m75    3.71
1 4287.41 m70    3.72
1 4289.07 m80    3.70
2 4290.23 m10    4.06
1 4290.94 m70    3.70
2 4294.12 m12    3.97
1 4295.76 m70    3.68
1 4298.67 m170   3.70
1 4299.23 m17    4.63
1 4299.64 m17    3.70
2 4300.05 m17    4.07
1 4300.57 m240   3.70
1 4301.09 m340   3.71
2 4301.93 m7     4.04
1 4305.92 m500   3.72
2 4307.91 m15    4.04
2 4312.87 m7     4.06
1 4314.80 m100   3.70
2 4314.98 s40    4.03
1 4318.64 m30    5.12
1 4321.67 m15    5.10
1 4325.13 m16    5.11
1 4326.36 m13    3.68
2 4337.92 m13    3.94
2 4344.29 m2     3.94
1 4360.49 m8     5.02
2 4367.67 s15    5.43
2 4386.85 s10    5.42
1 4393.93 m14    5.09
2 4395.04 m28    3.91
2 4399.77 m5     4.06
1 4404.28 m20    5.06
2 4411.08 s15    5.90
1 4416.54 m5     4.68
1 4417.28 m18    4.69
2 4417.72 m5     3.97
1 4421.76 m10    5.04
1 4422.83 m10    3.87
1 4426.06 m10    4.68
1 4427.10 m75    4.30
1 4430.37 m7     4.24
1 4434.00 m14    4.23
1 4440.35 m11    4.66
2 4443.80 m19    3.87
1 4449.15 m70    4.67
1 4450.90 m46    4.66
1 4453.32 m79    4.21
1 4453.71 m24    4.66
1 4455.33 m80    4.23
1 4457.43 m90    4.24
1 4463.39 m6     4.66
1 4463.55 m5     4.66
1 4465.81 m24    4.52
2 4468.50 m20    3.90
1 4471.24 m20    4.51
1 4474.85 m8     4.21
1 4479.71 m8     4.50
1 4481.26 m44    4.52
1 4482.69 m8     4.22
2 4488.32 m1     5.88
1 4489.09 m22    4.50
1 4496.15 m20    4.51
2 4501.27 m17    3.87
1 4512.74 m65    3.58
1 4518.03 m85    3.56
1 4518.69 m8     4.17
1 4522.81 m85    3.55
1 4527.31 m65    3.55
1 4533.24 m500   3.58
2 4533.97 m20    3.97
1 4534.78 m300   3.56
1 4535.58 m200   3.55
1 4535.92 m100   3.55
1 4536.05 m100   3.54
1 4544.69 m60    3.54
1 4548.77 m80    3.55
2 4549.63 m20    4.31
1 4552.46 m80    3.55
1 4555.49 m60    3.56
1 4559.92 m5     4.18
1 4562.63 m4     2.74
2 4563.77 m9     3.94
2 4571.98 m20    4.28
2 4589.95 m20    3.94
1 4617.27 m80    4.43
1 4623.09 m40    4.42
1 4629.34 m16    4.41
1 4637.88 m5     5.02
1 4639.37 m20    4.41
1 4639.66 m18    4.42
1 4639.95 m16    4.41
1 4645.19 m12    4.40
1 4650.02 m10    4.41
1 4656.06 m2     4.41
1 4656.47 m60    2.66
1 4667.59 m70    2.68
1 4675.12 m6     3.71
1 4681.92 m80    2.69
1 4691.34 m16    3.70
1 4698.77 m16    3.68
1 4710.19 m10    4.81
1 4722.62 m6     3.67
1 4723.18 m6     3.69
1 4731.17 m5     4.79
1 4733.43 m4     4.78
1 4742.79 m15    4.85
1 4758.12 m28    4.85
1 4759.28 m28    4.86
2 4779.95 s1     4.64
1 4792.49 m10    4.92
1 4796.22 m4     4.92
1 4799.80 m10    4.85
2 4805.10 m2     4.64
1 4805.43 m10    4.92
1 4820.42 m18    4.08
1 4836.13 m3     4.83
1 4840.87 m42    3.46
1 4848.47 m6     4.73
1 4856.01 m26    4.81
1 4868.26 m18    4.78
1 4870.14 m22    4.79
1 4885.09 m36    4.43
1 4899.91 m36    4.41
2 4911.19 s1     5.64
1 4913.62 m30    4.40
1 4919.88 m12    4.68
1 4921.77 m17    4.69
1 4928.34 m14    4.67
1 4938.29 m9     5.09
1 4968.57 m6     4.47
1 4973.06 m7     4.49
1 4975.35 m11    5.00
1 4978.20 m11    4.46
1 4981.73 m550   3.33
1 4989.15 m14    4.47
1 4991.07 m440   3.32
1 4997.10 m13    2.48
1 4999.51 m380   3.30
1 5000.99 a10    4.47
1 5007.21 m340   3.29
1 5009.65 m11    2.49
1 5013.30 m22    4.49
1 5014.18 m330   2.47
1 5014.28 a25    3.28
1 5016.17 m55    3.32
1 5020.03 m80    3.30
1 5022.87 m80    3.29
1 5024.84 m55    3.28
1 5025.58 m28    4.51
1 5035.91 m110   3.92
1 5036.47 m80    3.91
1 5038.40 m70    3.89
1 5039.95 m110   2.48
1 5052.87 m10    4.63
1 5062.11 m10    4.61
1 5064.66 m130   2.49
1 5065.99 m9     3.89
1 5071.49 m12    3.90
1 5087.07 m12    3.87
1 5113.44 m18    3.87
1 5120.43 m26    5.00
1 5145.47 m26    3.87
1 5147.48 m22    2.41
1 5152.20 m20    2.43
1 5173.75 m100   2.40
2 5188.70 m8     3.97
1 5192.98 m120   2.41
1 5210.39 m130   2.43
1 5219.71 m14    2.40
1 5222.68 m9     4.46
1 5350.46 m1800 3.28
1 5866.46 m38    3.18
1 5872.36 e10    5.30
1 5880.31 m6     3.16
1 5889.96 e8     4.34
1 5899.30 m22    3.15
1 5903.33 m5     3.17
1 5918.55 m11    3.16
1 5919.06 e10    4.34
1 5922.12 m14    3.14
1 5937.82 m7     3.15
1 5941.76 m11    3.14
1 5953.17 m28    3.97
1 5965.84 m19    3.96
1 5978.56 m26    3.95
1 5999.68 m6     4.30
1 6064.63 m10    3.09
1 6085.23 m11    3.09
1 6091.17 m11    4.30
1 6098.67 m4     5.09
1 6126.22 m11    3.09
1 6146.23 m3     3.89
1 6215.21 m9     4.69
1 6220.46 m7     4.67
1 6221.41 m6     4.65
1 6258.10 m36    3.42
1 6258.70 m36    3.44
1 6261.10 m28    3.40
1 6273.39 a6     2.0
1 6296.66 a12    1.97
1 6303.75 m6     3.40
1 6312.24 m5     3.42
1 6318.03 m2     3.39
1 6325.22 a10    1.98
1 6336.10 m3     3.39
1 6366.35 m3     3.40
1 6546.28 m5     3.32
1 6549.77 m1     5.14
1 6554.23 m6     3.33
1 6743.12 m9     2.74
1 7038.80 m5     4.10
1 7209.44 m34    3.18
1 7216.20 m8     3.16
1 7244.86 m17    3.15
1 7489.61 m3     3.91
1 7949.17 m4     3.06
1 7978.88 m8     4.87
1 8426.52 m22    2.30
1 8434.94 m65    2.28
1 8435.70 m32    2.31
1 8518.32 m5     3.34
