2    2338.36 m24     0.00
2    2357.04 m35     0.00
2    2361.23 m14     0.00
2    2409.03 m52     0.00
2    2426.16 m52     0.00
2    2445.46 m15     0.00
2    2480.13 m85     5.03
2    2481.15 m17     0.00
2    2491.59 m28     0.00
2    2509.09 m140     4.94
2    2519.80 m11     0.00
2    2520.87 m22     0.00
2    2522.16 m28     0.00
2    2524.09 m20     4.94
2    2552.75 m40     0.00
2    2561.66 m60     0.00
2    2563.86 m17     0.00
2    2588.28 m48     6.33
1    2596.49 m19     0.00
2    2606.01 m24     4.76
2    2607.05 m90     4.78
2    2624.34 m75     4.72
2    2640.77 m22     4.72
2    2650.27 m16     4.71
2    2658.48 m19     4.69
2    2660.09 m20     0.00
2    2679.56 m32     6.17
2    2697.50 m17     0.00
3    2719.46 m20     0.00
2    2721.20 m55     6.10
2    2727.55 m20     0.00
2    2744.07 m20     0.00
2    2774.98 m18     0.00
2    2779.55 m28     4.46
2    2785.08 m36     4.48
2    2792.15 m18     4.47
2    2794.61 m70     0.00
2    2797.28 m75     5.97
2    2807.98 m18     0.00
2    2808.42 m17     4.44
2    2818.47 m26     0.00
2    2827.01 m26     0.00
2    2827.92 m60     0.00
2    2831.55 m20     0.00
2    2838.93 m16     0.00
2    2844.66 m32     4.39
1    2854.16 m20     0.00
2    2860.12 m20     0.00
2    2861.74 m20     0.00
2    2868.01 m16     0.00
2    2869.23 m160     5.86
2    2890.93 m65     0.00
2    2894.47 m17     0.00
1    2914.83 m17     4.25
2    2918.28 m22     0.00
2    2925.64 m28     0.00
2    2926.75 m70     0.00
2    2935.99 m65     0.00
2    2951.26 m36     0.00
2    2959.64 m18     0.00
2    2965.87 m44     6.05
1    2973.22 m50     4.17
2    2973.39 m16     0.00
2    2981.49 m55     5.70
2    2986.52 m36     0.00
2    2990.54 m65     4.17
2    2993.26 m20     0.00
2    3013.71 m24     0.00
2    3014.65 m44     4.14
2    3015.30 m150     4.14
2    3017.10 m28     0.00
2    3026.07 m34     0.00
2    3042.35 m26     4.10
2    3046.76 m32     4.10
2    3048.81 m16     0.00
2    3050.73 m30     0.00
2    3056.06 m32     6.49
2    3073.08 m55     0.00
2    3073.49 m14     0.00
2    3073.85 m7     0.00
1    3081.12 m34     4.02
2    3087.02 m14     0.00
2    3093.12 m17     0.00
2    3096.97 m11     0.00
2    3098.59 m70     4.03
2    3099.60 m7     0.00
1    3122.53 m14     0.00
2    3126.01 m14     0.00
2    3131.26 m700     3.96
2    3133.88 m220     3.96
2    3144.88 m22     0.00
2    3146.16 m22     5.03
2    3151.02 m180     0.00
2    3157.33 m140     3.96
2    3168.18 m18     6.33
1    3172.66 m42     3.91
2    3172.81 m220     3.94
2    3173.58 m36     6.17
2    3195.33 m22     4.96
2    3210.56 m30     3.86
2    3210.83 m30     3.86
2    3212.01 m30     4.94
2    3231.51 m22     4.94
2    3253.44 m44     3.86
2    3236.79 m110     4.94
2    3240.23 m150     0.00
2    3241.53 m220     3.83
2    3247.46 m40     4.90
2    3249.83 m7     0.00
2    3251.63 m15     0.00
2    3258.04 m180     3.81
2    3261.66 m38     0.00
2    3264.09 m30     0.00
2    3266.64 m150     3.83
2    3267.40 m110     4.90
2    3269.00 m75     0.00
2    3276.81 m100     3.78
2    3283.40 m110     3.80
2    3285.61 m110     4.86
2    3291.01 m220     3.76
2    3302.47 m190     3.79
2    3306.01 m20     4.86
2    3306.91 m20     4.83
2    3308.01 m20     0.00
2    3309.82 m110     0.00
2    3310.60 m60     0.00
2    3316.88 m38     3.77
2    3323.21 m15     0.00
1    3349.99 m2     3.70
2    3354.88 m22     0.00
2    3362.62 m380     3.72
2    3369.64 m15     0.00
2    3374.51 m46     4.78
1    3380.53 m16     0.00
2    3384.98 m40     0.00
1    3393.19 m16     0.00
2    3397.51 m160     3.64
2    3398.02 m16     0.00
2    3399.96 m40     4.76
1    3410.05 m80     3.63
1    3412.59 m32     3.63
1    3416.59 m32     3.63
1    3421.80 m16     0.00
2    3425.10 m600     3.64
2    3425.64 m90     3.61
1    3428.62 m16     0.00
1    3429.33 m32     3.61
2    3429.97 m80     0.00
2    3431.21 m40     4.72
1    3435.35 m18     0.00
2    3441.51 m460     3.63
1    3443.00 m16     0.00
2    3447.26 m16     4.71
2    3449.76 m16     0.00
2    3453.67 m460     3.61
2    3462.21 m800     3.58
1    3467.51 m20     0.00
1    3476.59 m32     0.00
1    3480.98 m32     0.00
2    3481.75 m32     4.65
2    3487.08 m16     0.00
1    3487.38 m40     3.55
2    3492.58 m20     0.00
1    3499.95 m32     3.54
1    3503.36 m12     0.00
2    3513.02 m24     0.00
1    3517.60 m24     3.52
1    3517.72 m13     0.00
2    3522.43 m16     4.61
2    3534.85 m24     0.00
2    3535.52 m160     0.00
2    3566.21 m46     5.56
2    3536.57 m80     3.50
1    3537.91 m40     0.00
2    3548.48 m13     0.00
1    3555.82 m20     0.00
2    3557.80 m40     4.57
1    3560.92 m32     0.00
1    3563.88 m40     3.48
2    3565.90 m46     0.00
2    3566.47 m120     3.50
1    3567.36 m40     3.47
1    3569.80 m12     0.00
2    3574.06 m26     0.00
1    3586.07 m26     0.00
1    3590.73 m12     0.00
1    3598.62 m16     0.00
2    3607.35 m12     0.00
2    3608.77 m200     3.43
2    3609.54 m24     5.70
2    3619.97 m15     0.00
1    3638.41 m32     3.41
2    3643.65 m80     6.17
1    3646.70 m15     3.40
2    3647.23 m12     4.94
2    3647.73 m20     0.00
2    3653.61 m50     4.48
2    3665.81 m42     4.47
2    3668.08 m90     3.37
2    3677.98 m34     4.91
2    3678.86 m38     4.48
2    3683.20 m12     0.00
2    3694.73 m34     0.00
2    3699.87 m14     0.00
2    3700.26 m400     3.37
2    3701.36 m320     3.34
2    3704.85 m28     4.43
1    3717.92 m650     3.33
2    3725.07 m75     3.33
2    3734.13 m200     3.34
1    3744.07 m420     3.31
1    3751.82 m140     3.31
2    3756.86 m26     4.39
2    3761.33 m500     3.29
2    3761.92 m400     3.29
2    3783.56 m22     4.39
2    3795.17 m32     3.29
2    3795.77 m600     3.29
1    3798.54 m65     0.00
2    3798.75 m20     4.37
1    3807.72 m50     3.26
2    3810.72 m32     4.33
2    3817.40 m46     3.25
1    3826.38 m24     3.24
2    3838.20 m110     4.34
1    3840.87 m24     0.00
2    3848.02 m750     3.22
2    3883.13 m500     3.19
2    3883.43 m130     3.22
1    3887.35 m400     3.19
2    3890.53 m32     3.19
1    3896.62 m32     3.18
2    3900.79 m50     4.27
1    3916.47 m260     4.25
2    3929.58 m42     4.27
1    3949.27 m110     4.23
2    3958.10 m110     3.13
2    3995.58 m32     3.13
2    3996.52 m130     3.10
1    4024.23 m16     0.00
1    4044.47 m28     3.06
1    4094.18 m750     3.02
1    4105.84 m700     3.02
1    4138.36 m80     3.00
1    4187.62 m650     2.96
2    4199.92 m38     2.95
1    4203.73 m440     2.95
1    4206.00 m16     0.00
1    4222.67 m28     4.02
2    4242.15 m220     2.95
1    4271.71 m20     3.99
1    4298.37 m11     0.00
1    4359.93 m200     2.84
1    4386.42 m100     2.82
1    4394.42 m15     2.82
2    4481.27 m40     2.76
1    4519.58 n11     0.00
2    4522.56 m19     5.28
2    4529.36 m13     2.76
2    4556.67 m3     5.97
2    4561.84 m3     3.80
1    4599.00 m20     2.69
2    4615.93 m22     4.74
2    4626.31 m6     5.36
2    4626.55 m7     2.68
2    4634.26 m8     4.94
2    4677.85 m3     2.68
1    4681.92 m12     0.00
1    4733.32 m50     2.62
2    4831.17 m6     5.42
1    4957.19 m10     0.00
2    4980.68 m3     5.43
2    4989.32 m4     5.45
2    5009.77 m12     4.91
2    5034.21 m12     4.89
1    5060.90 m11     2.45
1    5307.12 m48     2.33
2    5346.50 m6     4.74
1    5631.40 m20     2.20
1    5675.85 m38     2.18
2    5684.77 m3     4.91
2    5709.98 m2     4.94
1    5764.29 m14     2.14
2    5811.18 m1     4.74
2    5838.78 m2     4.89
1    5895.63 m18     2.10
2    6181.42 m1     4.74
2    6299.45 m1     4.74
2    6430.95 m0     0.00
1    6460.26 m15     3.99
1    6604.95 m7     4.03
1    6657.72 m2     4.01
1    6721.39 m3     3.99
1    6779.77 m12     4.01
1    6844.30 m13     4.01
1    6845.79 m9     3.99
1    7481.08 m11     0.00
1    7490.22 m11     0.00
1    7558.36 m20     0.00
1    7731.54 m12     4.03
1    7856.10 m6     4.03
1    7930.88 m16     4.01
