1 1999.99  m1  1.00
2 2213.07  m6 25.366
2 2218.87  m6 23.648
2 2222.93  m6 25.444
2 2227.75  m6 24.181
3 2280.61  m6 33.349
3 2282.21  m1 28.718
2 2287.80  m6 23.847
2 2309.16  m4 23.702
2 2313.74  m6 24.906
2 2316.31  m1 24.846
2 2331.45  m6 24.997
2 2337.79  m6 25.064
3 2345.17  m1 28.683
2 2350.49  m2 26.400
2 2364.15  m4 24.792
2 2404.40 m1 24.650
2 2480.87 m1 24.964
3 2484.11 m1 28.101
2 2515.59 m1 24.728
2 2516.81 m2 24.792
2 2544.72 m4 24.738
4 2562.12 m2 35.861
3 2631.90 m1  27.916
4 2640.34 m1  35.935
2 2647.29  m1  24.650
3 2678.38  m1  27.89
2 2708.28  m4  25.944
3 2724.84  m1  27.947
2 2732.53  m2  25.903
2 2744.79  m2  25.944
2 2753.92  m1  21.143
4 2757.92  m1  37.741
2 2769.74  m2  25.903
4 2788.96  m1  35.553
2 2806.16  m4 24.284
4 2809.44  m1 35.653
2 2865.85  m2 23.874
2 2891.61  m4  21.427
2 2896.75  m2  25.903
2 2924.66  m2  25.862
2 2931.49  m2  25.903
2 2942.89  m1 21.352
2 3172.96  m1 23.874
2 3200.39  m1  25.366
1 3234.49  m1  15.456
1 3257.58  m1  15.429
1 3319.35 m3  15.283
1 3325.50 m1  15.276
1 3373.48 m3  15.298
1 3392.78 m1  15.202
2 3393.75 m2   10.0
4 3461.08 m3   35.488
2 3514.39 m1   22.788
2 3545.58 m3   23.258
2 3545.84 m1   24.623
1 3554.31 m3  15.036
2 3556.01 m1  15.03
1 3567.66 m3  15.023
1 3572.29 m3  15.298
2 3576.62 m3  23.015
2 3588.44 m3  22.949
1 3606.52 m10 15.061
1 3632.68 m3  15.036
1 3634.46 m3 15.034
1 3649.83 m8  15.224
1 3670.67 m30  15.205
1 3675.24 m30 15.201
1 3690.89 m30 14.907
1 3770.37 m40  15.011
1 3781.36 m30  14.902
1 3834.68 m80 15.061
2 3850.57 m40 19.968
1 3894.66 m30 15.011
2 3899.86 m10  22.788
1 3947.50 m100 14.68
1 3948.98 m200 14.68  
2 4013.86 m20 19.495
2 4042.89 m8 21.493
1 4044.42 m120 14.688
1 4045.96 m15 14.687
2 4072.01 m15 21.498
2 4103.91 m20 22.701
2 4131.73 m8 21.427
2 4154.50 m8 26.243
1 4158.59 m120 14.529
1 4164.18 m100 14.525
1 4181.88 m100 14.687
1 4190.71 m60 14.506
1 4191.03 m120 14.681
1 4198.32 m120 14.576
1 4200.68 m120 14.499
1 4251.19 m80 14.464
1 4259.36 m120 14.738
1 4266.29 m120 14.529
2 4266.53 m20 19.549
1 4272.17 m120 14.525
2 4277.52 m8 21.352
1 4300.10 m120  14.506
2 4332.03 m8 19.305
1 4333.56 m100 14.688
1 4335.34 m80 14.687
1 4345.17 m100 14.681
2 4348.06 m50 19.495
1 4363.79 m8 14.464
2 4371.33 m8 19.261
2 4379.73 m8  26.400
1 4423.99 m8 14.525
2 4426.00 m30 19.549
2 4430.19 m10 19.610
2 4430.99 m8 19.223
2 4481.84 m8 25.554
1 4510.73 m100 14.576
1 4522.32 m80 14.464
2 4545.05 m20 19.867
2 4579.35 m8 19.973
1 4589.29 m8 14.529
2 4589.90 m15 21.127
1 4596.10 m100 14.525
2 4609.57 m30 21.143
1 4628.44 m100 14.506
1 4642.14 m80 15.577
2 4657.90 m15 19.801
1 4702.32 m120 14.464
2 4726.87 m20 19.762
2 4735.90 m40 19.261
1 4746.82 m8 15.518
1 4752.94 m15 15.515
2 4764.87 m15 19.867
1 4768.67 m15 15.506
2 4806.02 m50 19.223
1 4836.69 m15 15.470
2 4847.90 m8 24.177
1 4876.26 m20 15.449
2 4879.86 m30 19.680
1 4887.95 m20 15.443
1 4894.69 m15 15.439
1 4921.04 m8 15.614
1 4956.75 m10 15.576
1 4989.94 m8 15.579
2 5009.33 m20 19.223
1 5048.81 m50 15.362
1 5054.18 m30 15.360
1 5060.08 m50 15.525
2 5062.04 m20 19.261
1 5073.08 m20 15.350
2 5145.37 m20 25.571
1 5151.39 m20 15.313
1 5162.28 m50 15.308
2 5187.73 m80 25.960
1 5210.49 m20 15.455
1 5214.77 m20 15.472
1 5221.27 m50 15.450
1 5252.79 m30 15.455
1 5347.44 m20 15.471
1 5373.49 m50 15.460
1 5393.98 m20 15.470
1 5410.47 m50 15.463
1 5421.35 m50 15.362
1 5439.90 m50 15.186
1 5442.25 m50  15.353
1 5443.23 m10 15.449
1 5451.65 m50 15.181
1 5457.42 m20 15.366
1 5473.45 m50 15.360
1 5495.87 m100 15.331
1 5558.70 m50 15.137
1 5559.62 m20 15.512
1 5572.54 m50 15.319
1 5588.72 m50 15.313
1 5597.47 m50  1.00
1 5606.73 m50 15.118
1 5639.12 m10 15.351
1 5648.68 m20 15.366
1 5650.70 m150 15.101
1 5659.13 m50 15.362
1 5681.90 m50 15.353
1 5689.63 m20 15.350
1 5689.91 m20 15.506
1 5739.52 m50 15.313
1 5772.11 m10 15.319
1 5882.62 m10 15.014
1 5888.58 m30 15.181
1 5912.08 m50 15.004
1 6043.23 m10 15.146
1 6059.37 m10 14.953
2 6114.92 m10 21.143
1 6145.44 m10 15.319
1 6170.17 m10 15.181
1 6173.10 m10 15.161
2 6212.12 m10 19.261
1 6416.32 m10 14.839
2 6643.70 m10 19.495
1 6660.68 m10 15.014
1 6664.05 m10 14.955
1 6698.87 m10 15.022
1 6719.22 m10 15.118
1 6752.83 m20 14.743
1 6766.56 m100 15.004
1 6871.29 m150 14.711
1 6888.17 m10 14.953
1 6937.66 m10 14.694
1 6965.43 m40 13.328
1 7030.25 m10 14.839
1 7067.22 m40 13.302
1 7107.48 m20 14.839
1 7206.98 m10 15.022
1 7272.93 m11 13.328
1 7311.72 m10 14.848
1 7353.29 m10 14.781
1 7372.12 m10 14.757
1 7383.98 m40 13.302
2 7440.49 m90 21.428
1 7503.87 m70 13.480
2 7505.16 m10 21.624
1 7514.65 m20 13.273
2 7589.32 m25 19.968
2 7618.04 m8 21.428
1 7635.10 m50 13.172
1 7723.76 m20 13.153
1 7724.21 m20 13.328
1 7891.08 m10 14.743
1 7948.023 m40 15.659
1 8006.16 m60 13.172
1 8014.78 m80 13.095
2 8501.022 c1 26.646


