1 1930.90  1000  7.69
3 2162.94 s300  40.00
5 2270.91  0    18.09
5 2277.25  0    18.09
5 2277.92  0    18.09
3 2296.87 s1300 18.09
4 2405.10 s70   55.78
1 2478.56 c1000  7.68
2 2509.12 i400  18.65
2 2512.06 i600  18.65
4 2524.41 s300  55.78
4 2529.98 s500  55.77
4 2530.60 s70   55.77
2 2574.83 i400  22.86
2 2641.42 i200  27.22
3 2725.30 s100  44.45
3 2725.90 s100  44.45
2 2746.49 i400  20.84
2 2747.28 i600  20.84
2 2836.71 i2000 16.32
2 2837.60 i1500 16.32
3 2982.11 s200  38.43
2 2992.62 i1500 22.19
2 3165.47 i300  22.56
2 3167.93 i200  22.56
2 3361.05 i200  21.73
2 3589.66 i300  25.98
2 3500.86 i200  25.98
2 3831.74 i200  23.38
2 3876.06 i400  27.47
2 3876.19 i600  27.47
2 3876.41 i600  27.47
2 3876.66 i600  27.47
2 3918.98 i1200 19.49
2 3920.69 i1500 19.49
2 3952.03 i300  27.41
2 3980.32 i200  27.48
3 4056.06 s100  43.25
3 4067.94 s200  42.95
3 4068.91 s300  42.95
3 4070.26 s300  42.95
2 4074.52 i400  27.41
2 4074.85 i200  27.41
2 4075.85 i600  27.41
3 4162.86 s100  43.03
3 4186.90 s300  42.96
2 4267.00 i1500 20.95
2 4267.26 i3000 20.95
1 4269.02 c50   10.59
2 4317.26 i200  25.98
3 4325.56 s200  41.29
1 4371.37 c50   10.51
2 4374.27 i300  27.48
2 4619.23 i200  27.47
3 4647.42 s1000 32.18
3 4650.25 s800  32.18
3 4651.47 s500  32.18
4 4658.30 s300  58.44
3 4665.86 s200  40.87
1 4771.75 c200  10.08
1 4775.91 c50   10.08
1 4932.05 c200  10.20
1 5023.85 c100  10.41
1 5039.07 c100  10.40
1 5041.48 c50   10.40
1 5041.80 c50   10.40
1 5052.17 c200  10.14
2 5132.94 i600  23.11
2 5133.28 i600  23.11
2 5139.17 i300  23.11
2 5143.49 i600  23.11
2 5145.16 i1200 23.11
2 5151.09 i800  23.11
1 5380.34 c400   9.99
1 5545.07 c50   10.87
2 6578.05 c1500 16.32
2 6582.88 c1200 16.32
1 6587.61 c200  10.42
1 6655.51 c50   10.40
3 6744.38 s100  40.05
2 7119.90 i600  24.27
2 7231.32 i1500 18.04
2 7236.42 c2000 18.04
2 7860.89 c200  10.42
1 8058.62 c200  10.39
1 8335.15 c600   9.17
1 9061.43 c300   8.85
1 9062.47 c200   8.85
1 9078.28 c200   8.85
1 9088.51 c300   8.85
1 9094.83 c550   8.85
1 9111.80 c400   8.85
1 9405.73 c1000  9.00

