1 1995.70 c1    1.00
1 2002.00 c1    11.65
2 2026.97 c9    10.52
2 2052.93 c9    10.44
2 2148.00 c7    12.04
2 2224.71 c20   13.09
3 2244.38 e75   13.11
2 2262.23 c9     9.88
1 2302.06 h3    10.05
3 2314.15 e7    21.04
1 2323.20 h2    10.22
1 2345.43 h3     9.95
2 2345.55 c20   16.95
1 2352.48 h2    10.15
3 2354.24 e75   12.85
1 2374.02 h2     0.00
1 2378.32 h4     9.87
1 2379.99 h2    10.09
1 2399.35 h4    10.05
1 2399.73 h2    10.05
2 2407.35 c6    16.95
2 2414.13 c5    16.95
1 2464.06 h3     9.70
1 2482.00 h6     9.88
1 2482.71 h5     9.88
1 2483.82 h6     9.87
1 2534.76 h6     9.56
1 2536.52 m1500  4.88
1 2576.29 h4     9.70
1 2603.15 h4    10.22
1 2625.19 h2    10.18
1 2652.04 h20    9.56
1 2653.68 h16    9.56
1 2655.13 h16    9.55
1 2698.83 h5    10.05
1 2699.51 h5    10.05
2 2705.36 c8    17.37
3 2724.43 e70   16.69
1 2752.78 m6     9.17
1 2759.71 h4     9.95
1 2799.76 h2     9.89
1 2803.47 h4     9.88
1 2804.43 h3     9.88
1 2806.77 a2     9.87
2 2814.93 c10    9.88
2 2847.67 c50   11.87
1 2847.83 h3     0.00
1 2856.94 h4     9.22
1 2893.59 m10    9.17
2 2916.27 c10   16.77
1 2925.41 h12    9.70
2 2935.94 c10   17.37
2 2947.08 c40   17.37
1 2967.28 m120   8.85
1 3021.50 m20    9.56
1 3023.48 h12    9.56
1 3025.61 h3     9.56
1 3027.49 h5     9.55
3 3090.05 e15   19.70
1 3125.67 m40    8.85
1 3131.55 m32    8.85
1 3131.84 m32    8.85
1 3135.76 h2     8.62
1 3144.48 h2     8.83
2 3208.20 c40   17.37
2 3264.06 c40   16.95
3 3312.28 e12   16.58
4 3321.01  20    9.26
1 3341.48 m6     9.17
2 3385.25 c10   17.37
2 3451.69 c40   17.37
3 3543.08 e10   18.24
2 3549.42 c10   17.37
4 3578.75  15   10.54
1 3650.15 m280   8.86
1 3654.84 m30    8.85
1 3662.88 m8     8.85
1 3663.28 m24    8.85
1 3701.44 h3    10.05
1 3704.17 h4    10.05
1 3801.66 h3     9.95
3 3803.51 e15   19.84
2 3806.38 c10   16.68
1 3906.37 h5     9.87
2 3918.92 c9    16.70
2 3983.96 c20    7.51
1 4046.56 m180   7.73
1 4077.83 m12    7.92
1 4108.05 h4     9.72
3 4122.07 e70   16.92
3 4216.74 e100  15.07
1 4339.22 h30    9.56
1 4343.63 h4     9.56
1 4347.49 h40    9.55
1 4358.33 m400   7.73
2 4398.62 c10   16.70
3 4470.58 e15   16.68
3 4552.84 e12   18.40
2 4660.28 c9    15.54
3 4797.01 e50   15.68
1 4827.10 h3    10.30
2 4855.72 c8    16.43
1 4890.27 h3    10.26
1 4916.07 h10    9.22
3 4973.57 e80   14.63
1 4991.50 h3    10.21
1 5025.64 h4     9.14
1 5102.71 h2    10.16
1 5120.63 h4    10.15
2 5128.45 c10   15.57
1 5137.94 h2    10.14
3 5210.82 e30   15.21
1 5218.90 h2    10.30
1 5290.74 h2    10.27
1 5354.05 h6    10.04
1 5384.63 h3    10.03
1 5460.73 m320   7.73
1 5549.63 h3    10.16
1 5769.59 m240   8.85
1 5790.65 m280   8.84

