1    2484.01 m1     0.01
1    2556.19 m16    4.85
2    2649.07 m15    0.00
1    2672.69 m1     0.00
1    2675.88 m8     0.00
1    2739.39 m10    4.56
2    2784.45 m17    0.00
1    2789.06 h10    4.47
2    2793.94 m34    0.00
2    2807.05 m26    0.00
2    2817.96 m26    0.00
2    2821.12 m36    0.00
2    2824.37 m16    0.00
2    2839.89 m19    0.00
1    2847.34 m1     0.00
1    2853.57 m8     4.56
2    2858.90 m12    0.00
1    2865.68 m40    4.32
1    2875.20 m9     4.42
2    2882.93 m10    7.53
1    2886.45 m8     4.32
1    2889.63 m50    4.32
1    2904.51 m10    4.30
1    2909.25 m1     0.00
1    2914.25 m13    4.29
2    2914.63 m15    0.00
1    2927.38 m13    4.26
1    2941.92 m55    4.89
1    2942.85 m11    4.32
1    2948.09 m14    4.24
1    2954.39 m9     4.47
2    2967.89 m24    0.00
2    2982.74 m13    0.00
1    2984.61 m22    0.00
1    3016.96 m12    4.32
2    3022.21 m26    0.00
2    3025.03 h20    7.53
1    3027.66 m10    4.17
2    3031.99 m26    0.00
1    3033.19 m20    4.30
1    3048.64 m12    4.14
1    3055.59 m10    4.06
1    3080.74 m12    4.24
1    3084.24 m5     4.30
1    3095.04 m12    4.22
1    3095.23 m8     4.28
1    3098.01 m13    4.11
1    3119.35 m22    4.62
2    3124.90 m28    0.00
1    3139.56 m22    4.53
1    3145.56 m20    4.62
1    3188.34 m9     4.10
1    3232.16 m28    3.87
1    3263.12 m5     4.79
1    3270.12 m18    3.82
1    3293.59 m1     0.00
1    3303.60 m12    3.78
1    3305.93 m44    3.75
1    3311.72 m12    4.39
2    3322.12 m9     7.32
1    3337.79 m16    3.75
1    3341.66 m18    3.99
1    3357.93 m11    3.73
1    3378.20 m1     0.00
1    3394.78 m14    4.30
1    3399.00 m1     0.00
1    3422.35 m1     0.00
1    3424.56 m24    3.83
1    3430.48 m1     0.00
1    3434.15 m11    3.83
1    3435.49 m24    3.68
1    3442.96 m11    3.60
2    3457.05 m13    3.72
1    3459.92 m15    3.58
1    3462.21 m13    3.58
1    3466.30 m26    4.05
1    3489.37 m65    3.55
1    3493.33 m16    4.22
1    3493.99 m14    3.62
1    3496.42 m22    3.76
1    3499.33 m10    3.82
1    3500.07 m26    3.54
1    3507.05 m10    3.61
1    3507.34 m32    3.53
1    3508.85 m13     3.75
1    3511.44 m10     3.53
1    3513.68 m13     3.53
1    3514.61 m65     3.52
1    3531.11 m16     3.72
1    3533.57 m26     3.62
1    3534.33 m13     3.51
2    3540.47 m22     3.63
1    3542.57 m13     4.03
1    3543.16 m10     0.00
1    3547.19 m16     3.71
1    3549.20 m13     3.96
1    3550.82 m48     3.49
1    3555.32 m28     3.48
1    3557.84 m16     3.48
1    3561.41 m13     3.95
1    3563.66 m16     3.48
1    3566.60 m95     3.55
1    3574.76 m13     3.47
1    3577.92 m15     3.46
2    3578.33 m10     6.68
2    3581.84 m15     3.59
1    3584.88 m130    3.46
1    3589.66 m10     3.53
1    3589.79 m10     0.00
1    3590.32 m12     4.10
1    3590.50 m13     3.56
1    3591.74 m16     3.53
1    3593.20 m10     3.98
1    3605.28 m19     3.44
2    3606.32 m15     3.44
1    3616.33 m13     3.90
1    3616.76 m13     3.88
1    3620.08 m13     3.42
1    3623.06 m16     3.53
1    3638.20 m48     3.88
1    3639.49 h25     3.93
1    3640.95 m14     3.62
1    3644.24 m24     3.47
1    3654.89 m8     3.87
1    3659.16 m55     3.46
1    3659.59 m10     3.46
1    3670.07 m160    3.49
1    3676.56 m15     4.15
1    3677.39 m15     3.84
1    3679.38 m14     3.44
1    3685.78 m11     3.44
1    3700.58 m40     3.46
1    3701.52 m80     4.03
1    3702.62 m17     3.88
1    3703.27 m17     3.42
1    3713.56 m26     3.34
1    3714.76 m17     3.62
1    3724.99 m26     3.54
1    3731.45 m7     3.32
1    3732.26 m17     3.79
1    3738.05 m44     4.03
1    3746.41 m50     3.99
2    3748.68 m70     3.44
1    3751.18 m44     3.78
1    3758.36 m36     3.83
1    3763.27 m24     4.16
1    3765.35 m20     3.29
1    3766.89 m32     3.84
1    3768.80 m18     3.84
1    3773.43 m40     3.75
1    3775.99 m18     3.39
1    3780.72 m28     3.39
1    3782.84 m140    3.31
1    3783.84 m32     3.99
1    3793.10 m42     3.83
1    3799.20 m18     4.30
1    3801.15 m18     3.34
1    3804.87 h12     6.84
1    3808.93 m28     4.03
2    3809.22 m28     0.00
2    3809.92 h15     0.00
1    3812.00 m140     3.25
1    3812.58 m1      0.08
1    3813.79 m28     3.53
1    3814.07 m28     3.36
1    3816.61 m9      3.71
1    3821.95 m18     3.71
1    3826.51 m55     3.27
1    3829.79 m9      3.23
2    3831.47 m150    3.23
1    3838.15 m1      0.00
1    3839.62 m90     3.69
1    3846.55 m18     3.69
1    3848.62 m36     0.00
1    3849.85 m15     3.22
1    3851.72 m9      3.96
1    3854.22 m46     3.21
2    3854.66 m180    3.21
1    3859.58 m360    3.24
1    3865.92 m140    3.49
1    3867.17 m18     3.68
1    3871.04 m110    3.20
1    3876.13 m18     3.20
1    3879.53 m18     3.75
1    3879.72 m1      0.00
1    3881.46 m75     3.76
1    3882.36 m36     3.41
1    3890.36 m160     3.22
1    3891.09 h10     3.87
1    3892.68 m46     3.83
1    3894.12 m36     3.18
1    3895.27 m15     3.73
1    3896.78 m36     3.75
1    3899.00 m14     3.73
2    3899.42 m18     0.00
1    3899.78 m46     3.46
1    3901.55 m1      0.00
2    3904.30 m34     3.63
1    3904.35 h8      3.25
1    3904.56 m18     3.82
1    3915.22 m1      0.00
2    3915.88 m28     3.63
1    3917.25 m18     4.17
1    3923.02 m9     3.23
1    3924.27 m14     3.72
1    3926.22 m24     3.15
1    3926.73 m24     3.87
1    3932.03 m15     3.18
1    3942.55 m14     3.14
1    3943.82 m90     3.14
1    3944.13 m18     3.71
1    3947.50 h10     3.61
1    3948.45 m22     3.14
1    3953.58 m22     3.68
2    3954.66 m40     3.59
1    3962.79 m14     3.71
1    3964.67 m1      0.00
2    3966.40 m118     0.00
2    3966.57 m44     3.59
2    3983.91 m17     3.56
1    3985.80 m85     3.76
1    3988.03 h8     3.14
1    3988.89 m14     3.39
1    3990.42 m34     3.22
2    3992.54 m28     3.23
2    3995.97 m14     3.56
1    4004.06 m26     3.31
1    4005.21 m32     3.18
1    4005.70 m14     3.18
1    4009.17 m9     3.87
2    4017.72 m42     3.21
1    4018.99 m22     3.12
1    4026.02 m6     3.36
1    4033.43 m12     3.62
1    4034.50 m16     3.62
1    4042.76 m75     3.14
1    4047.62 m30     3.14
1    4050.04 m120    3.71
1    4051.91 m40     3.71
1    4053.03 m13     3.27
1    4054.31 m22     3.83
1    4062.55 m65     3.05
1    4067.76 m38     3.82
2    4074.49 m22     0.00
1    4084.93 m14     3.75
2    4088.25 m20     3.03
2    4090.14 m160    3.24
1    4098.03 m34     3.06
1    4099.27 h20     3.80
1    4101.91 m15     4.03
1    4106.93 m15     3.02
1    4113.11 m8     3.68
1    4116.10 m60     3.01
1    4124.73 m30     3.22
1    4133.50 m15     3.00
1    4136.81 m10     3.54
1    4139.14 m14     2.99
1    4141.23 m34     4.03
1    4144.70 m11     3.27
1    4153.97 m65     2.98
1    4155.41 m20     3.76
1    4156.68 m28     3.06
1    4162.43 m18     3.45
1    4163.68 m26     2.97
1    4165.68 m20     3.01
1    4169.06 m12     3.98
1    4171.59 m100    3.18
1    4172.97 m10     3.75
1    4174.19 m16     3.65
1    4179.00 m10     3.53
1    4186.96 m14     3.49
1    4188.07 m14     2.99
1    4189.28 m22     2.99
1    4197.52 m13     3.99
1    4198.22 m10     3.03
1    4204.37 m13     2.95
1    4211.60 h18     3.72
2    4211.68 m18     6.51
1    4212.26 m10     3.49
1    4214.42 m6     2.97
1    4222.36 m26     3.41
2    4228.76 m6     3.51
1    4231.67 m16     3.87
1    4232.04 m5     2.96
1    4240.59 m4     3.70
1    4241.67 m75     3.49
1    4244.37 m38     2.92
1    4246.26 m19     2.92
1    4266.32 m4     2.90
2    4267.30 m10     6.34
1    4269.61 m12     3.12
1    4273.98 m6     3.01
1    4282.03 m15     2.93
2    4282.45 m12     3.46
1    4287.87 m15     2.89
1    4288.84 m15     3.66
1    4293.30 h18     3.36
1    4297.11 m11     2.92
1    4301.47 m9     2.88
1    4306.78 m4     0.00
1    4313.13 m11     3.34
1    4313.88 m1      0.00
1    4316.48 h15     3.87
1    4328.73 h20     2.94
1    4335.73 m9     2.86
1    4341.69 m50     2.89
1    4347.19 m11     2.96
1    4355.75 m32     2.92
1    4362.05 m32     2.84
1    4362.26 m14     2.84
1    4371.76 m7     3.84
1    4372.57 m12     2.95
1    4372.76 m5     2.83
1    4373.41 m8     3.05
1    4382.34 h18     2.90
1    4393.60 m24     2.82
1    4407.96 h12     3.51
1    4413.14 h15     3.28
1    4415.24 m10     2.81
1    4418.47 h15     3.58
1    4426.68 m5     3.38
1    4426.94 m5     2.80
1    4427.65 m8     2.83
1    4433.89 m5     3.83
2    4423.53 m8     6.51
1    4440.74 m3     3.26
1    4460.93 h12     2.99
1    4462.33 h15     2.99
1    4462.97 m11     2.89
1    4465.13 m5     3.06
1    4472.34 m44     2.81
1    4477.71 m5     2.88
1    4490.84 m8     2.97
1    4510.32 m5     2.75
1    4515.28 m18     2.78
1    4516.73 m5     2.82
1    4538.19 m14     2.95
1    4543.63 m46     2.84
1    4545.58 m11     3.01
1    4549.85 h12     3.41
1    4551.98 m3     2.80
1    4555.10 m6     3.76
1    4559.65 m1     0.00
1    4567.69 m7     2.93
1    4568.23 m1     0.00
2    4569.91 m10     2.75
1    4573.69 m12     2.99
1    4579.64 h12     3.27
1    4584.85 m4     2.92
1    4601.13 m4     2.81
1    4603.67 m10     2.97
1    4605.15 m4     3.41
1    4609.86 m1     0.00
1    4611.44 m1     0.00
1    4618.39 h5     3.46
1    4620.23 m22     3.45
1    4622.43 m3     3.33
1    4627.08 m19     3.24
1    4631.62 m17     2.67
1    4641.66 m5     3.71
2    4646.60 m18     2.78
1    4663.75 m4     2.73
1    4666.86 m11     2.69
1    4671.41 m8     3.22
1    4685.72 h10     3.36
1    4689.07 m14     2.64
1    4702.52 m8     2.92
1    4722.73 m13     2.84
1    4731.60 m10     3.18
1    4755.73 m8     2.60
1    4769.26 m6     2.60
1    4772.70 m8     2.88
1    4819.54 m4     3.12
1    4847.66 m6     2.84
1    4858.09 m7     3.12
1    4861.02 m8     3.22
1    4885.15 m3     2.54
1    4899.29 m8     2.64
1    4910.35 m4     3.30
1    4928.44 m3     3.04
1    5008.22 m10     2.69
1    5027.38 m15     2.46
1    5160.33 m7     3.12
1    5164.14 m5     3.41
1    5184.59 m5     3.06
1    5247.75 m4     2.93
1    5257.04 m4     3.06
1    5278.18 m2     3.02
1    5280.38 m6     2.36
1    5308.54 m3     2.81
1    5311.88 m3     2.88
1    5475.73 m1     0.00
2    5480.28 m6     3.23
1    5481.22 m6     3.06
2    5482.55 m4     3.59
1    5492.97 m14     2.26
1    5504.15 m3     3.05
1    5511.49 m4     2.32
2    5527.85 m6     2.21
1    5564.17 m6     2.70
1    5570.68 m1     0.00
1    5610.89 m5     2.98
1    5620.78 m5     3.28
1    5669.42 m2     2.26
1    5723.63 m3     2.83
1    5780.59 m6     2.92
1    5798.55 m6     2.81
1    5802.11 m3     3.14
1    5836.08 m4     3.41
1    5837.71 m5     2.69
1    5845.27 m1     0.00
1    5870.95 m3     2.78
1    5915.40 m20     2.09
1    5971.50 m5     2.15
1    5976.32 m9     2.54
1    5986.10 m2     2.55
1    5997.31 m4     2.84
1    6077.29 m8     2.11
1    6171.86 m3     2.95
1    6293.32 m1     2.95
1    6359.28 m2     1.95
1    6372.47 m5     2.41
1    6379.64 m2     2.82
1    6389.77 m2     2.68
1    6392.78 m2     1.94
1    6395.42 m8     1.94
1    6449.16 m10     1.99
1    6465.01 m3     2.82
1    6503.62 m1     2.43
1    6518.94 m1     2.67
1    6555.01 m1     0.00
1    6620.52 m2     1.95
1    6826.91 m14     1.81
1    7074.78 m5     2.28
1    7128.89 m7     1.81
2    7379.70 m5     0.00
1    7425.50 m5     1.67
1    7533.91 m10     2.12
1    7784.13 m3     1.67
1    7881.91 m11     2.35
1    8445.35 m8     1.94
1    8607.94 m17     1.44

