3 2127.99 s20   10.95
3 2191.22 s40   10.97
3 2200.80 s10   10.95
3 2206.22 s6    10.74
2 2243.06 a25    5.52
3 2284.50 s20   10.74
3 2327.30 s4     5.32
2 2340.80 a2     8.70
3 2367.25 m21    5.32
2 2398.14 a2     8.07
3 2414.68 m24    5.13
2 2422.19 m68    5.52
2 2460.62 m6     8.09
1 2813.64 m3     4.47
3 2817.03 m44    5.32
1 2822.56 m5     5.69
2 2854.45 m8     7.40
2 2856.32 m3     7.29
1 2886.49 m11    5.70
1 2901.48 a1     5.57
1 2919.05 m18    4.25
3 2945.95 m32    5.13
1 2948.39 m44    4.21
1 2964.96 m40    4.25
1 2974.59 m55    4.17
2 2980.69 a2     7.68
1 2984.25 m85    4.22
1 2995.26 m8     4.21
1 3045.37 m22    4.14
2 3055.22 m7     7.68
2 3086.86 m7     7.26
2 3112.03 m6     3.98
2 3129.93 m10    7.37
2 3173.05 m14    7.42
2 3179.42 m28    4.00
2 3195.62 m300   3.99
2 3200.27 m280   4.01
2 3203.32 m280   3.98
2 3216.68 m500   3.99
2 3242.28 m800   4.01
2 3280.91 m40    5.53
2 3318.53 a6     7.28
2 3327.88 m600   4.14
2 3362.00 m20    5.52
2 3448.81 m26    4.00
2 3467.87 m14    3.98
2 3496.08 m220   3.54
2 3549.01 m500   3.62
1 3552.69 m70    3.49
1 3558.76 m22    5.37
1 3571.43 m24    5.42
1 3576.05 m34    5.48
2 3584.51 m420   3.56
1 3587.75 m38    0.00
1 3592.91 m360   3.44
2 3600.73 m1300  3.62
2 3601.92 m800   3.54
2 3611.05 m1000  3.56
1 3620.95 m550   3.49
2 3628.71 m240   3.54
2 3633.12 m1000  3.41
2 3664.61 m350   3.56
2 3668.49 m5     6.90
2 3710.29 m1500  3.52
2 3747.55 m140   3.41
2 3774.33 m1200  3.41
2 3776.56 m160   3.41
2 3788.70 m850   3.37
2 3818.34 m150   3.37
2 3832.89 m460   3.41
2 3878.29 m48    3.38
2 3930.67 m24    3.56
2 3950.36 m440   3.24
2 3982.60 m360   3.24
1 4039.83 m95    3.07
1 4047.63 m240   3.06
1 4077.37 m950   3.04
1 4083.71 m200   3.03
1 4102.38 m1000  3.08
2 4124.92 m32    3.41
1 4128.30 m900   3.06
1 4142.84 m750   2.99
1 4167.51 m240   3.04
1 4174.13 m200   3.03
2 4177.55 m800   3.37
2 4204.70 m38    2.95
1 4220.63 m28    4.79
2 4235.73 m60    3.06
1 4235.94 m220   2.99
1 4251.20 m30    4.80
1 4302.29 m36    4.83
2 4309.63 m280   3.05
1 4348.79 m44    4.86
2 4358.73 m80    2.95
1 4366.03 m12    4.25
2 4374.94 m1200  3.24
2 4398.01 m180   2.95
2 4422.59 m90    2.90
1 4487.47 m30    4.12
1 4505.95 m50    4.13
1 4527.24 m90    4.17
1 4527.79 m44    4.17
1 4643.70 m170   2.67
1 4674.85 m170   2.72
2 4682.33 m22    3.05
1 4728.53 m14    3.93
1 4760.97 m34    2.67
2 4786.58 m13    3.62
2 4823.31 m16    3.56
1 4839.87 m65    3.99
1 4845.68 m46    3.96
1 4852.69 m34    3.93
2 4854.87 m75    3.54
1 4859.85 m28    3.91
2 4883.69 m160   3.62
2 4900.12 m95    3.56
2 4982.14 m8     3.52
2 5087.43 m75    3.52
2 5123.21 m30    3.41
2 5200.41 m65    3.37
2 5205.72 m100   3.41
1 5240.82 m12    4.66
2 5402.78 m15    4.13
1 5438.23 m13    4.25
1 5466.47 m48    3.69
2 5497.40 m16    4.01
1 5503.47 m20    4.22
2 5509.90 m17    3.24
1 5521.63 m8     4.14
2 5521.70 m8     3.99
1 5527.54 m50    3.64
1 5544.42 m8     4.14
1 5577.42 m12    4.19
1 5581.87 m42    3.59

